NC_037304.1	GWHBDNP00000002.1	99.911	90143	63	8	277670	367808	20797	110926	0.0	1.660e+05	367808	640501
NC_037304.1	GWHBDNP00000002.1	99.902	77406	55	4	66857	144261	224762	147377	0.0	1.425e+05	367808	640501
NC_037304.1	GWHBDNP00000002.1	99.893	50641	35	4	214606	265227	550181	499541	0.0	93199	367808	640501
NC_037304.1	GWHBDNP00000002.1	99.920	50047	40	0	164496	214542	600221	550175	0.0	92198	367808	640501
NC_037304.1	GWHBDNP00000002.1	99.870	41686	33	3	66857	108541	360087	318422	0.0	76661	367808	640501
NC_037304.1	GWHBDNP00000002.1	99.918	39029	29	3	301904	340931	414774	453800	0.0	71893	367808	640501
NC_037304.1	GWHBDNP00000002.1	99.918	37941	25	1	70601	108541	491731	453797	0.0	69887	367808	640501
NC_037304.1	GWHBDNP00000002.1	99.912	36436	20	2	1	36436	110927	147350	0.0	67097	367808	640501
NC_037304.1	GWHBDNP00000002.1	99.940	24967	14	1	315966	340931	293459	318425	0.0	46021	367808	640501
NC_037304.1	GWHBDNP00000002.1	99.934	24249	13	3	277670	301917	255249	279495	0.0	44688	367808	640501
NC_037304.1	GWHBDNP00000002.1	99.930	24248	15	2	277670	301917	390571	414816	0.0	44682	367808	640501
NC_037304.1	GWHBDNP00000002.1	99.912	20500	10	5	143953	164451	620710	600218	0.0	37750	367808	640501
NC_037304.1	GWHBDNP00000002.1	99.921	20248	16	0	36362	56609	620254	640501	0.0	37303	367808	640501
NC_037304.1	GWHBDNP00000002.1	99.921	17819	14	0	49244	67062	363790	381608	0.0	32829	367808	640501
NC_037304.1	GWHBDNP00000002.1	99.893	17821	17	1	49244	67062	228465	246285	0.0	32803	367808	640501
NC_037304.1	GWHBDNP00000002.1	99.929	14004	10	0	301904	315907	279453	293456	0.0	25806	367808	640501
NC_037304.1	GWHBDNP00000002.1	99.926	8064	6	0	269570	277633	246080	254143	0.0	14859	367808	640501
NC_037304.1	GWHBDNP00000002.1	99.926	8064	6	0	269570	277633	381403	389466	0.0	14859	367808	640501
NC_037304.1	GWHBDNP00000002.1	99.913	8064	7	0	269570	277633	11628	19691	0.0	14853	367808	640501
NC_037304.1	GWHBDNP00000002.1	99.972	7166	2	0	49244	56409	498965	506130	0.0	13223	367808	640501
NC_037304.1	GWHBDNP00000002.1	99.954	6590	3	0	258638	265227	640301	633712	0.0	12153	367808	640501
NC_037304.1	GWHBDNP00000002.1	99.939	6590	4	0	258638	265227	235630	229041	0.0	12148	367808	640501
NC_037304.1	GWHBDNP00000002.1	99.939	6590	4	0	258638	265227	370955	364366	0.0	12148	367808	640501
NC_037304.1	GWHBDNP00000002.1	99.856	5545	8	0	304179	309723	5745	201	0.0	10196	367808	640501
NC_037304.1	GWHBDNP00000002.1	99.928	4193	3	0	1	4193	570519	566327	0.0	7727	367808	640501
NC_037304.1	GWHBDNP00000002.1	99.690	4197	1	2	194195	198390	110923	115108	0.0	7668	367808	640501
NC_037304.1	GWHBDNP00000002.1	99.560	4092	8	5	265693	269775	499147	495057	0.0	7448	367808	640501
NC_037304.1	GWHBDNP00000002.1	99.487	4092	11	5	265693	269775	363972	359882	0.0	7432	367808	640501
NC_037304.1	GWHBDNP00000002.1	99.462	4092	12	5	265693	269775	228647	224557	0.0	7426	367808	640501
NC_037304.1	GWHBDNP00000002.1	99.887	3541	4	0	66857	70397	495262	491722	0.0	6517	367808	640501
NC_037304.1	GWHBDNP00000002.1	99.942	3428	2	0	63635	67062	8406	11833	0.0	6320	367808	640501
NC_037304.1	GWHBDNP00000002.1	99.925	2664	1	1	228862	231524	8407	5744	0.0	4907	367808	640501
NC_037304.1	GWHBDNP00000002.1	99.820	556	1	0	19682	20237	89336	89891	0.0	1022	367808	640501
NC_037304.1	GWHBDNP00000002.1	99.820	556	1	0	346208	346763	130597	131152	0.0	1022	367808	640501
NC_037304.1	GWHBDNP00000002.1	99.814	537	0	1	41464	41999	299460	298924	0.0	985	367808	640501
NC_037304.1	GWHBDNP00000002.1	99.814	537	0	1	321431	321967	625891	625356	0.0	985	367808	640501
NC_037304.1	GWHBDNP00000002.1	99.628	537	1	1	41464	41999	65094	64558	0.0	979	367808	640501
NC_037304.1	GWHBDNP00000002.1	99.628	537	1	1	41464	41999	434837	434301	0.0	979	367808	640501
NC_037304.1	GWHBDNP00000002.1	97.566	452	11	0	84089	84540	117484	117033	0.0	774	367808	640501
NC_037304.1	GWHBDNP00000002.1	97.566	452	11	0	6118	6569	477798	478249	0.0	774	367808	640501
NC_037304.1	GWHBDNP00000002.1	97.345	452	12	0	6118	6569	207097	207548	0.0	769	367808	640501
NC_037304.1	GWHBDNP00000002.1	97.345	452	12	0	6118	6569	342421	342872	0.0	769	367808	640501
NC_037304.1	GWHBDNP00000002.1	96.637	446	14	1	269859	270304	75311	75755	0.0	739	367808	640501
NC_037304.1	GWHBDNP00000002.1	96.637	446	14	1	269859	270304	309677	310121	0.0	739	367808	640501
NC_037304.1	GWHBDNP00000002.1	96.637	446	14	1	269859	270304	445053	445497	0.0	739	367808	640501
NC_037304.1	GWHBDNP00000002.1	96.413	446	15	1	332183	332627	11917	12362	0.0	734	367808	640501
NC_037304.1	GWHBDNP00000002.1	96.413	446	15	1	332183	332627	381692	382137	0.0	734	367808	640501
NC_037304.1	GWHBDNP00000002.1	96.188	446	16	1	332183	332627	246369	246814	0.0	728	367808	640501
NC_037304.1	GWHBDNP00000002.1	100.000	350	0	0	206095	206444	518011	517662	0.0	647	367808	640501
NC_037304.1	GWHBDNP00000002.1	100.000	350	0	0	246766	247115	558622	558273	0.0	647	367808	640501
NC_037304.1	GWHBDNP00000002.1	99.403	335	2	0	30938	31272	13453	13119	1.40e-172	608	367808	640501
NC_037304.1	GWHBDNP00000002.1	99.403	335	2	0	271061	271395	142187	141853	1.40e-172	608	367808	640501
NC_037304.1	GWHBDNP00000002.1	99.403	335	2	0	30938	31272	247905	247571	1.40e-172	608	367808	640501
NC_037304.1	GWHBDNP00000002.1	99.403	335	2	0	30938	31272	383228	382894	1.40e-172	608	367808	640501
NC_037304.1	GWHBDNP00000002.1	100.000	309	0	0	36510	36818	147377	147685	1.83e-161	571	367808	640501
NC_037304.1	GWHBDNP00000002.1	96.491	342	12	0	31725	32066	75650	75309	8.52e-160	566	367808	640501
NC_037304.1	GWHBDNP00000002.1	96.491	342	12	0	332181	332522	142981	142640	8.52e-160	566	367808	640501
NC_037304.1	GWHBDNP00000002.1	96.491	342	12	0	31725	32066	310016	309675	8.52e-160	566	367808	640501
NC_037304.1	GWHBDNP00000002.1	96.491	342	12	0	31725	32066	445392	445051	8.52e-160	566	367808	640501
NC_037304.1	GWHBDNP00000002.1	96.481	341	11	1	269859	270199	142979	142640	1.10e-158	562	367808	640501
NC_037304.1	GWHBDNP00000002.1	96.188	341	12	1	31725	32064	12257	11917	5.13e-157	556	367808	640501
NC_037304.1	GWHBDNP00000002.1	96.188	341	12	1	31725	32064	382032	381692	5.13e-157	556	367808	640501
NC_037304.1	GWHBDNP00000002.1	95.894	341	13	1	31725	32064	246709	246369	2.39e-155	551	367808	640501
NC_037304.1	GWHBDNP00000002.1	99.644	281	1	0	254842	255122	141637	141357	3.13e-144	514	367808	640501
NC_037304.1	GWHBDNP00000002.1	99.644	281	1	0	30442	30722	509655	509935	3.13e-144	514	367808	640501
NC_037304.1	GWHBDNP00000002.1	100.000	251	0	0	23253	23503	74959	74709	3.20e-129	464	367808	640501
NC_037304.1	GWHBDNP00000002.1	100.000	251	0	0	331581	331831	134418	134168	3.20e-129	464	367808	640501
NC_037304.1	GWHBDNP00000002.1	100.000	251	0	0	23253	23503	309325	309075	3.20e-129	464	367808	640501
NC_037304.1	GWHBDNP00000002.1	96.441	281	8	2	234150	234429	12910	12631	1.15e-128	462	367808	640501
NC_037304.1	GWHBDNP00000002.1	96.441	281	8	2	234150	234429	247362	247083	1.15e-128	462	367808	640501
NC_037304.1	GWHBDNP00000002.1	96.441	281	8	2	234150	234429	382685	382406	1.15e-128	462	367808	640501
NC_037304.1	GWHBDNP00000002.1	96.441	281	8	2	270573	270852	530351	530630	1.15e-128	462	367808	640501
NC_037304.1	GWHBDNP00000002.1	100.000	249	0	0	331877	332125	12833	13081	4.14e-128	460	367808	640501
NC_037304.1	GWHBDNP00000002.1	100.000	249	0	0	270775	271023	75005	75253	4.14e-128	460	367808	640501
NC_037304.1	GWHBDNP00000002.1	100.000	249	0	0	331877	332125	247285	247533	4.14e-128	460	367808	640501
NC_037304.1	GWHBDNP00000002.1	100.000	249	0	0	270775	271023	309371	309619	4.14e-128	460	367808	640501
NC_037304.1	GWHBDNP00000002.1	100.000	249	0	0	331877	332125	382608	382856	4.14e-128	460	367808	640501
NC_037304.1	GWHBDNP00000002.1	100.000	249	0	0	270775	271023	444747	444995	4.14e-128	460	367808	640501
NC_037304.1	GWHBDNP00000002.1	95.270	296	3	3	48899	49185	181041	181334	1.49e-127	459	367808	640501
NC_037304.1	GWHBDNP00000002.1	99.602	251	1	0	23253	23503	444701	444451	1.49e-127	459	367808	640501
NC_037304.1	GWHBDNP00000002.1	95.270	296	3	3	110303	110596	633077	632791	1.49e-127	459	367808	640501
NC_037304.1	GWHBDNP00000002.1	92.188	320	8	6	358982	359300	76083	75780	6.97e-121	436	367808	640501
NC_037304.1	GWHBDNP00000002.1	92.188	320	8	6	332652	332955	102428	102110	6.97e-121	436	367808	640501
NC_037304.1	GWHBDNP00000002.1	92.188	320	8	6	358982	359300	310449	310146	6.97e-121	436	367808	640501
NC_037304.1	GWHBDNP00000002.1	92.188	320	8	6	358982	359300	445825	445522	6.97e-121	436	367808	640501
NC_037304.1	GWHBDNP00000002.1	99.515	206	1	0	182729	182934	557388	557183	1.54e-102	375	367808	640501
NC_037304.1	GWHBDNP00000002.1	99.515	206	1	0	207329	207534	581988	581783	1.54e-102	375	367808	640501
NC_037304.1	GWHBDNP00000002.1	96.330	218	2	4	247489	247706	228647	228436	7.22e-96	353	367808	640501
NC_037304.1	GWHBDNP00000002.1	96.330	218	2	4	247489	247706	363972	363761	7.22e-96	353	367808	640501
NC_037304.1	GWHBDNP00000002.1	96.330	218	2	4	247489	247706	499147	498936	7.22e-96	353	367808	640501
NC_037304.1	GWHBDNP00000002.1	97.573	206	3	2	288315	288518	2955	2750	2.60e-95	351	367808	640501
NC_037304.1	GWHBDNP00000002.1	97.573	206	3	2	306969	307174	31443	31646	2.60e-95	351	367808	640501
NC_037304.1	GWHBDNP00000002.1	97.573	206	3	2	288315	288518	50096	50301	2.60e-95	351	367808	640501
NC_037304.1	GWHBDNP00000002.1	97.573	206	3	2	306969	307174	265895	266098	2.60e-95	351	367808	640501
NC_037304.1	GWHBDNP00000002.1	97.573	206	3	2	288315	288518	284518	284723	2.60e-95	351	367808	640501
NC_037304.1	GWHBDNP00000002.1	97.573	206	3	2	306969	307174	401216	401419	2.60e-95	351	367808	640501
NC_037304.1	GWHBDNP00000002.1	97.573	206	3	2	288315	288518	419839	420044	2.60e-95	351	367808	640501
NC_037304.1	GWHBDNP00000002.1	98.930	187	2	0	165948	166134	1992	1806	2.62e-90	335	367808	640501
NC_037304.1	GWHBDNP00000002.1	97.927	193	4	0	165942	166134	51053	51245	2.62e-90	335	367808	640501
NC_037304.1	GWHBDNP00000002.1	97.927	193	4	0	165942	166134	285475	285667	2.62e-90	335	367808	640501
NC_037304.1	GWHBDNP00000002.1	97.927	193	4	0	165942	166134	420796	420988	2.62e-90	335	367808	640501
NC_037304.1	GWHBDNP00000002.1	98.930	187	2	0	307932	308118	598769	598583	2.62e-90	335	367808	640501
NC_037304.1	GWHBDNP00000002.1	98.919	185	2	0	68660	68844	104177	103993	3.38e-89	331	367808	640501
NC_037304.1	GWHBDNP00000002.1	98.919	185	2	0	360865	361049	222775	222959	3.38e-89	331	367808	640501
NC_037304.1	GWHBDNP00000002.1	98.919	185	2	0	360865	361049	358100	358284	3.38e-89	331	367808	640501
NC_037304.1	GWHBDNP00000002.1	98.919	185	2	0	360865	361049	493275	493459	3.38e-89	331	367808	640501
NC_037304.1	GWHBDNP00000002.1	98.913	184	1	1	80177	80360	21585	21767	4.38e-88	327	367808	640501
NC_037304.1	GWHBDNP00000002.1	98.913	184	1	1	278458	278640	211459	211276	4.38e-88	327	367808	640501
NC_037304.1	GWHBDNP00000002.1	98.913	184	1	1	80177	80360	256038	256220	4.38e-88	327	367808	640501
NC_037304.1	GWHBDNP00000002.1	98.913	184	1	1	278458	278640	346784	346601	4.38e-88	327	367808	640501
NC_037304.1	GWHBDNP00000002.1	98.913	184	1	1	80177	80360	391359	391541	4.38e-88	327	367808	640501
NC_037304.1	GWHBDNP00000002.1	98.913	184	1	1	278458	278640	482161	481978	4.38e-88	327	367808	640501
NC_037304.1	GWHBDNP00000002.1	97.872	188	3	1	247489	247676	633318	633132	5.66e-87	324	367808	640501
NC_037304.1	GWHBDNP00000002.1	97.340	188	4	1	49240	49426	517101	517288	2.63e-85	318	367808	640501
NC_037304.1	GWHBDNP00000002.1	90.583	223	7	7	265688	265896	517293	517071	9.61e-75	283	367808	640501
NC_037304.1	GWHBDNP00000002.1	95.429	175	8	0	265507	265681	230371	230197	1.24e-73	279	367808	640501
NC_037304.1	GWHBDNP00000002.1	95.429	175	8	0	265507	265681	365696	365522	1.24e-73	279	367808	640501
NC_037304.1	GWHBDNP00000002.1	95.429	175	8	0	265507	265681	500871	500697	1.24e-73	279	367808	640501
NC_037304.1	GWHBDNP00000002.1	95.429	175	8	0	265507	265681	635042	634868	1.24e-73	279	367808	640501
NC_037304.1	GWHBDNP00000002.1	100.000	142	0	0	87937	88078	122309	122450	1.25e-68	263	367808	640501
NC_037304.1	GWHBDNP00000002.1	100.000	142	0	0	11394	11535	203700	203559	1.25e-68	263	367808	640501
NC_037304.1	GWHBDNP00000002.1	100.000	142	0	0	11394	11535	339024	338883	1.25e-68	263	367808	640501
NC_037304.1	GWHBDNP00000002.1	100.000	142	0	0	11394	11535	474401	474260	1.25e-68	263	367808	640501
NC_037304.1	GWHBDNP00000002.1	97.297	148	4	0	233642	233789	212413	212266	2.71e-65	252	367808	640501
NC_037304.1	GWHBDNP00000002.1	97.297	148	4	0	233642	233789	347738	347591	2.71e-65	252	367808	640501
NC_037304.1	GWHBDNP00000002.1	97.297	148	4	0	233642	233789	483115	482968	2.71e-65	252	367808	640501
NC_037304.1	GWHBDNP00000002.1	97.279	147	2	1	144152	144298	112871	113015	3.50e-64	248	367808	640501
NC_037304.1	GWHBDNP00000002.1	97.279	147	2	1	36473	36619	113015	112871	3.50e-64	248	367808	640501
NC_037304.1	GWHBDNP00000002.1	97.279	147	2	1	36473	36619	568420	568564	3.50e-64	248	367808	640501
NC_037304.1	GWHBDNP00000002.1	97.279	147	2	1	144152	144298	568564	568420	3.50e-64	248	367808	640501
NC_037304.1	GWHBDNP00000002.1	97.279	147	2	1	196153	196297	620511	620365	3.50e-64	248	367808	640501
NC_037304.1	GWHBDNP00000002.1	97.279	147	2	1	1956	2100	620511	620365	3.50e-64	248	367808	640501
NC_037304.1	GWHBDNP00000002.1	96.622	148	5	0	79223	79370	531138	530991	1.26e-63	246	367808	640501
NC_037304.1	GWHBDNP00000002.1	91.304	184	6	5	265693	265867	633318	633136	1.63e-62	243	367808	640501
NC_037304.1	GWHBDNP00000002.1	99.219	128	1	0	113664	113791	18677	18550	3.53e-59	231	367808	640501
NC_037304.1	GWHBDNP00000002.1	99.219	128	1	0	276492	276619	177846	177973	3.53e-59	231	367808	640501
NC_037304.1	GWHBDNP00000002.1	99.219	128	1	0	113664	113791	253129	253002	3.53e-59	231	367808	640501
NC_037304.1	GWHBDNP00000002.1	99.219	128	1	0	113664	113791	388452	388325	3.53e-59	231	367808	640501
NC_037304.1	GWHBDNP00000002.1	99.213	127	1	0	73611	73737	10318	10444	1.27e-58	230	367808	640501
NC_037304.1	GWHBDNP00000002.1	99.213	127	1	0	65547	65673	218008	217882	1.27e-58	230	367808	640501
NC_037304.1	GWHBDNP00000002.1	99.213	127	1	0	73611	73737	244770	244896	1.27e-58	230	367808	640501
NC_037304.1	GWHBDNP00000002.1	99.213	127	1	0	65547	65673	353333	353207	1.27e-58	230	367808	640501
NC_037304.1	GWHBDNP00000002.1	99.213	127	1	0	73611	73737	380093	380219	1.27e-58	230	367808	640501
NC_037304.1	GWHBDNP00000002.1	99.213	127	1	0	65547	65673	488721	488595	1.27e-58	230	367808	640501
NC_037304.1	GWHBDNP00000002.1	92.500	160	0	4	44602	44760	12976	12828	2.75e-55	219	367808	640501
NC_037304.1	GWHBDNP00000002.1	92.500	160	0	4	44602	44760	247428	247280	2.75e-55	219	367808	640501
NC_037304.1	GWHBDNP00000002.1	92.500	160	0	4	44602	44760	382751	382603	2.75e-55	219	367808	640501
NC_037304.1	GWHBDNP00000002.1	92.500	160	0	4	270770	270918	628652	628494	2.75e-55	219	367808	640501
NC_037304.1	GWHBDNP00000002.1	92.357	157	1	3	44602	44757	75148	75002	1.28e-53	213	367808	640501
NC_037304.1	GWHBDNP00000002.1	92.357	157	1	3	44602	44757	309514	309368	1.28e-53	213	367808	640501
NC_037304.1	GWHBDNP00000002.1	92.357	157	1	3	44602	44757	444890	444744	1.28e-53	213	367808	640501
NC_037304.1	GWHBDNP00000002.1	92.857	154	0	3	331877	332020	628646	628494	1.28e-53	213	367808	640501
NC_037304.1	GWHBDNP00000002.1	97.458	118	2	1	50837	50954	105211	105327	9.95e-50	200	367808	640501
NC_037304.1	GWHBDNP00000002.1	97.458	118	2	1	264093	264210	105327	105211	9.95e-50	200	367808	640501
NC_037304.1	GWHBDNP00000002.1	97.458	118	2	1	362083	362199	230058	230175	9.95e-50	200	367808	640501
NC_037304.1	GWHBDNP00000002.1	97.458	118	2	1	362083	362199	365383	365500	9.95e-50	200	367808	640501
NC_037304.1	GWHBDNP00000002.1	97.458	118	2	1	362083	362199	500558	500675	9.95e-50	200	367808	640501
NC_037304.1	GWHBDNP00000002.1	97.458	118	2	1	362083	362199	634729	634846	9.95e-50	200	367808	640501
NC_037304.1	GWHBDNP00000002.1	97.222	108	3	0	165832	165939	557385	557492	1.00e-44	183	367808	640501
NC_037304.1	GWHBDNP00000002.1	97.222	108	3	0	207225	207332	598778	598885	1.00e-44	183	367808	640501
NC_037304.1	GWHBDNP00000002.1	96.364	110	2	1	196153	196260	147486	147377	1.30e-43	180	367808	640501
NC_037304.1	GWHBDNP00000002.1	96.364	110	2	1	1956	2063	147486	147377	1.30e-43	180	367808	640501
NC_037304.1	GWHBDNP00000002.1	99.000	100	0	1	172944	173043	119928	119830	4.66e-43	178	367808	640501
NC_037304.1	GWHBDNP00000002.1	99.000	100	0	1	8915	9013	591674	591773	4.66e-43	178	367808	640501
NC_037304.1	GWHBDNP00000002.1	97.170	106	2	1	277624	277728	616049	615944	4.66e-43	178	367808	640501
NC_037304.1	GWHBDNP00000002.1	94.690	113	1	1	128290	128402	29935	29828	7.80e-41	171	367808	640501
NC_037304.1	GWHBDNP00000002.1	94.690	113	1	1	286701	286808	163235	163347	7.80e-41	171	367808	640501
NC_037304.1	GWHBDNP00000002.1	94.690	113	1	1	128290	128402	264388	264281	7.80e-41	171	367808	640501
NC_037304.1	GWHBDNP00000002.1	94.690	113	1	1	128290	128402	399709	399602	7.80e-41	171	367808	640501
NC_037304.1	GWHBDNP00000002.1	92.437	119	8	1	171686	171804	17048	17165	2.81e-40	169	367808	640501
NC_037304.1	GWHBDNP00000002.1	92.437	119	8	1	171686	171804	251500	251617	2.81e-40	169	367808	640501
NC_037304.1	GWHBDNP00000002.1	92.437	119	8	1	171686	171804	386823	386940	2.81e-40	169	367808	640501
NC_037304.1	GWHBDNP00000002.1	94.495	109	5	1	128554	128662	53825	53932	1.01e-39	167	367808	640501
NC_037304.1	GWHBDNP00000002.1	94.495	109	5	1	310698	310805	163083	162975	1.01e-39	167	367808	640501
NC_037304.1	GWHBDNP00000002.1	94.495	109	5	1	128554	128662	288247	288354	1.01e-39	167	367808	640501
NC_037304.1	GWHBDNP00000002.1	94.495	109	5	1	128554	128662	423568	423675	1.01e-39	167	367808	640501
NC_037304.1	GWHBDNP00000002.1	91.870	123	1	2	239146	239268	230476	230363	1.31e-38	163	367808	640501
NC_037304.1	GWHBDNP00000002.1	91.870	123	1	2	239146	239268	365801	365688	1.31e-38	163	367808	640501
NC_037304.1	GWHBDNP00000002.1	91.870	123	1	2	239146	239268	500976	500863	1.31e-38	163	367808	640501
NC_037304.1	GWHBDNP00000002.1	91.870	123	1	2	51142	51255	525509	525631	1.31e-38	163	367808	640501
NC_037304.1	GWHBDNP00000002.1	91.870	123	1	2	263792	263905	525631	525509	1.31e-38	163	367808	640501
NC_037304.1	GWHBDNP00000002.1	91.597	119	9	1	274990	275107	593031	592913	1.31e-38	163	367808	640501
NC_037304.1	GWHBDNP00000002.1	91.870	123	1	2	239146	239268	635147	635034	1.31e-38	163	367808	640501
NC_037304.1	GWHBDNP00000002.1	95.960	99	4	0	234368	234466	76040	75942	4.70e-38	161	367808	640501
NC_037304.1	GWHBDNP00000002.1	95.960	99	4	0	234368	234466	310406	310308	4.70e-38	161	367808	640501
NC_037304.1	GWHBDNP00000002.1	95.960	99	4	0	234368	234466	445782	445684	4.70e-38	161	367808	640501
NC_037304.1	GWHBDNP00000002.1	95.960	99	4	0	332814	332912	530314	530412	4.70e-38	161	367808	640501
NC_037304.1	GWHBDNP00000002.1	100.000	85	0	0	111640	111724	13325	13241	6.08e-37	158	367808	640501
NC_037304.1	GWHBDNP00000002.1	94.231	104	5	1	88438	88540	101749	101646	6.08e-37	158	367808	640501
NC_037304.1	GWHBDNP00000002.1	96.809	94	3	0	161625	161718	122536	122443	6.08e-37	158	367808	640501
NC_037304.1	GWHBDNP00000002.1	95.098	102	1	1	222608	222705	134867	134766	6.08e-37	158	367808	640501
NC_037304.1	GWHBDNP00000002.1	100.000	85	0	0	111640	111724	141981	142065	6.08e-37	158	367808	640501
NC_037304.1	GWHBDNP00000002.1	100.000	85	0	0	271183	271267	179913	179997	6.08e-37	158	367808	640501
NC_037304.1	GWHBDNP00000002.1	100.000	85	0	0	31066	31150	179997	179913	6.08e-37	158	367808	640501
NC_037304.1	GWHBDNP00000002.1	94.231	104	5	1	358518	358621	203097	203199	6.08e-37	158	367808	640501
NC_037304.1	GWHBDNP00000002.1	100.000	85	0	0	111640	111724	247777	247693	6.08e-37	158	367808	640501
NC_037304.1	GWHBDNP00000002.1	94.231	104	5	1	358518	358621	338421	338523	6.08e-37	158	367808	640501
NC_037304.1	GWHBDNP00000002.1	100.000	85	0	0	111640	111724	383100	383016	6.08e-37	158	367808	640501
NC_037304.1	GWHBDNP00000002.1	94.231	104	5	1	358518	358621	473798	473900	6.08e-37	158	367808	640501
NC_037304.1	GWHBDNP00000002.1	95.098	102	1	1	23851	23952	542081	542178	6.08e-37	158	367808	640501
NC_037304.1	GWHBDNP00000002.1	96.809	94	3	0	11528	11621	602950	603043	6.08e-37	158	367808	640501
NC_037304.1	GWHBDNP00000002.1	100.000	83	0	0	156817	156899	607882	607800	7.86e-36	154	367808	640501
NC_037304.1	GWHBDNP00000002.1	100.000	81	0	0	44474	44554	192981	193061	1.02e-34	150	367808	640501
NC_037304.1	GWHBDNP00000002.1	100.000	81	0	0	44474	44554	328305	328385	1.02e-34	150	367808	640501
NC_037304.1	GWHBDNP00000002.1	100.000	81	0	0	44474	44554	463682	463762	1.02e-34	150	367808	640501
NC_037304.1	GWHBDNP00000002.1	100.000	81	0	0	98576	98656	628446	628366	1.02e-34	150	367808	640501
NC_037304.1	GWHBDNP00000002.1	98.795	83	1	0	156786	156868	607851	607769	3.66e-34	148	367808	640501
NC_037304.1	GWHBDNP00000002.1	93.137	102	4	2	234368	234466	102156	102257	1.32e-33	147	367808	640501
NC_037304.1	GWHBDNP00000002.1	93.137	102	4	2	359028	359129	530412	530314	1.32e-33	147	367808	640501
NC_037304.1	GWHBDNP00000002.1	95.402	87	4	0	70871	70957	141704	141618	2.20e-31	139	367808	640501
NC_037304.1	GWHBDNP00000002.1	100.000	75	0	0	144335	144409	147350	147276	2.20e-31	139	367808	640501
NC_037304.1	GWHBDNP00000002.1	94.444	90	5	0	243328	243417	194909	194820	2.20e-31	139	367808	640501
NC_037304.1	GWHBDNP00000002.1	95.402	87	4	0	30703	30789	220662	220748	2.20e-31	139	367808	640501
NC_037304.1	GWHBDNP00000002.1	94.444	90	5	0	243328	243417	330233	330144	2.20e-31	139	367808	640501
NC_037304.1	GWHBDNP00000002.1	95.402	87	4	0	30703	30789	355987	356073	2.20e-31	139	367808	640501
NC_037304.1	GWHBDNP00000002.1	94.444	90	5	0	243328	243417	465610	465521	2.20e-31	139	367808	640501
NC_037304.1	GWHBDNP00000002.1	95.402	87	4	0	30703	30789	491375	491461	2.20e-31	139	367808	640501
NC_037304.1	GWHBDNP00000002.1	94.444	90	5	0	96728	96817	521449	521360	2.20e-31	139	367808	640501
NC_037304.1	GWHBDNP00000002.1	94.382	89	2	3	358870	358955	76243	76155	1.02e-29	134	367808	640501
NC_037304.1	GWHBDNP00000002.1	94.382	89	2	3	333027	333115	102083	101998	1.02e-29	134	367808	640501
NC_037304.1	GWHBDNP00000002.1	97.436	78	2	0	234048	234125	240135	240212	1.02e-29	134	367808	640501
NC_037304.1	GWHBDNP00000002.1	94.382	89	2	3	358870	358955	310609	310521	1.02e-29	134	367808	640501
NC_037304.1	GWHBDNP00000002.1	97.436	78	2	0	234048	234125	375458	375535	1.02e-29	134	367808	640501
NC_037304.1	GWHBDNP00000002.1	94.382	89	2	3	358870	358955	445985	445897	1.02e-29	134	367808	640501
NC_037304.1	GWHBDNP00000002.1	96.250	80	3	0	194922	195001	4528	4449	3.68e-29	132	367808	640501
NC_037304.1	GWHBDNP00000002.1	96.250	80	3	0	725	804	4528	4449	3.68e-29	132	367808	640501
NC_037304.1	GWHBDNP00000002.1	96.250	80	3	0	725	804	48523	48602	3.68e-29	132	367808	640501
NC_037304.1	GWHBDNP00000002.1	96.250	80	3	0	194922	195001	48523	48602	3.68e-29	132	367808	640501
NC_037304.1	GWHBDNP00000002.1	96.250	80	3	0	305396	305475	111651	111730	3.68e-29	132	367808	640501
NC_037304.1	GWHBDNP00000002.1	96.250	80	3	0	725	804	282945	283024	3.68e-29	132	367808	640501
NC_037304.1	GWHBDNP00000002.1	96.250	80	3	0	194922	195001	282945	283024	3.68e-29	132	367808	640501
NC_037304.1	GWHBDNP00000002.1	96.250	80	3	0	725	804	418266	418345	3.68e-29	132	367808	640501
NC_037304.1	GWHBDNP00000002.1	96.250	80	3	0	194922	195001	418266	418345	3.68e-29	132	367808	640501
NC_037304.1	GWHBDNP00000002.1	96.154	78	3	0	60912	60989	530732	530655	4.76e-28	128	367808	640501
NC_037304.1	GWHBDNP00000002.1	96.104	77	3	0	305399	305475	569792	569716	1.71e-27	126	367808	640501
NC_037304.1	GWHBDNP00000002.1	93.902	82	5	0	126286	126367	11837	11918	6.16e-27	124	367808	640501
NC_037304.1	GWHBDNP00000002.1	97.260	73	2	0	127911	127983	112684	112756	6.16e-27	124	367808	640501
NC_037304.1	GWHBDNP00000002.1	97.260	73	2	0	195966	196038	163726	163654	6.16e-27	124	367808	640501
NC_037304.1	GWHBDNP00000002.1	97.260	73	2	0	1769	1841	163726	163654	6.16e-27	124	367808	640501
NC_037304.1	GWHBDNP00000002.1	93.902	82	5	0	269779	269860	165351	165270	6.16e-27	124	367808	640501
NC_037304.1	GWHBDNP00000002.1	100.000	67	0	0	185351	185417	542147	542081	6.16e-27	124	367808	640501
NC_037304.1	GWHBDNP00000002.1	97.260	73	2	0	127911	127983	568751	568679	6.16e-27	124	367808	640501
NC_037304.1	GWHBDNP00000002.1	100.000	67	0	0	222639	222705	579366	579300	6.16e-27	124	367808	640501
NC_037304.1	GWHBDNP00000002.1	97.222	72	2	0	130160	130231	8158	8087	2.22e-26	122	367808	640501
NC_037304.1	GWHBDNP00000002.1	97.222	72	2	0	229111	229182	161478	161407	2.22e-26	122	367808	640501
NC_037304.1	GWHBDNP00000002.1	97.222	72	2	0	130160	130231	535669	535598	2.22e-26	122	367808	640501
NC_037304.1	GWHBDNP00000002.1	92.941	85	2	1	185351	185431	134836	134752	7.97e-26	121	367808	640501
NC_037304.1	GWHBDNP00000002.1	92.941	85	2	1	23837	23921	579286	579366	7.97e-26	121	367808	640501
NC_037304.1	GWHBDNP00000002.1	97.183	71	1	1	317237	317307	60306	60375	2.87e-25	119	367808	640501
NC_037304.1	GWHBDNP00000002.1	97.183	71	1	1	317179	317248	60364	60434	2.87e-25	119	367808	640501
NC_037304.1	GWHBDNP00000002.1	92.683	82	6	0	126286	126367	246289	246370	2.87e-25	119	367808	640501
NC_037304.1	GWHBDNP00000002.1	97.183	71	1	1	317237	317307	294672	294741	2.87e-25	119	367808	640501
NC_037304.1	GWHBDNP00000002.1	97.183	71	1	1	317179	317248	294730	294800	2.87e-25	119	367808	640501
NC_037304.1	GWHBDNP00000002.1	92.683	82	6	0	126286	126367	381612	381693	2.87e-25	119	367808	640501
NC_037304.1	GWHBDNP00000002.1	97.183	71	1	1	317237	317307	430049	430118	2.87e-25	119	367808	640501
NC_037304.1	GWHBDNP00000002.1	97.183	71	1	1	317179	317248	430107	430177	2.87e-25	119	367808	640501
NC_037304.1	GWHBDNP00000002.1	100.000	63	0	0	223469	223531	28317	28255	1.03e-24	117	367808	640501
NC_037304.1	GWHBDNP00000002.1	93.750	80	2	1	358841	358917	64679	64600	1.03e-24	117	367808	640501
NC_037304.1	GWHBDNP00000002.1	93.750	80	2	1	41879	41958	101969	102045	1.03e-24	117	367808	640501
NC_037304.1	GWHBDNP00000002.1	93.750	80	2	1	321473	321552	102045	101969	1.03e-24	117	367808	640501
NC_037304.1	GWHBDNP00000002.1	93.750	80	2	1	358841	358917	299045	298966	1.03e-24	117	367808	640501
NC_037304.1	GWHBDNP00000002.1	100.000	63	0	0	285128	285190	541255	541317	1.03e-24	117	367808	640501
NC_037304.1	GWHBDNP00000002.1	93.750	80	2	1	358841	358917	625771	625850	1.03e-24	117	367808	640501
NC_037304.1	GWHBDNP00000002.1	95.652	69	3	0	41889	41957	29978	30046	4.80e-23	111	367808	640501
NC_037304.1	GWHBDNP00000002.1	95.652	69	3	0	321474	321542	30046	29978	4.80e-23	111	367808	640501
NC_037304.1	GWHBDNP00000002.1	95.652	69	3	0	286851	286919	64669	64601	4.80e-23	111	367808	640501
NC_037304.1	GWHBDNP00000002.1	98.413	63	1	0	223469	223531	262770	262708	4.80e-23	111	367808	640501
NC_037304.1	GWHBDNP00000002.1	95.652	69	3	0	41889	41957	264431	264499	4.80e-23	111	367808	640501
NC_037304.1	GWHBDNP00000002.1	95.652	69	3	0	321474	321542	264499	264431	4.80e-23	111	367808	640501
NC_037304.1	GWHBDNP00000002.1	95.652	69	3	0	286851	286919	299035	298967	4.80e-23	111	367808	640501
NC_037304.1	GWHBDNP00000002.1	98.413	63	1	0	223469	223531	398091	398029	4.80e-23	111	367808	640501
NC_037304.1	GWHBDNP00000002.1	95.652	69	3	0	41889	41957	399752	399820	4.80e-23	111	367808	640501
NC_037304.1	GWHBDNP00000002.1	95.652	69	3	0	321474	321542	399820	399752	4.80e-23	111	367808	640501
NC_037304.1	GWHBDNP00000002.1	95.652	69	3	0	286851	286919	625781	625849	4.80e-23	111	367808	640501
NC_037304.1	GWHBDNP00000002.1	100.000	59	0	0	183791	183849	249846	249788	1.73e-22	110	367808	640501
NC_037304.1	GWHBDNP00000002.1	100.000	59	0	0	183791	183849	385169	385111	1.73e-22	110	367808	640501
NC_037304.1	GWHBDNP00000002.1	100.000	59	0	0	273278	273336	580868	580926	1.73e-22	110	367808	640501
NC_037304.1	GWHBDNP00000002.1	100.000	58	0	0	183792	183849	15393	15336	6.21e-22	108	367808	640501
NC_037304.1	GWHBDNP00000002.1	100.000	58	0	0	156747	156804	596949	596892	6.21e-22	108	367808	640501
NC_037304.1	GWHBDNP00000002.1	100.000	58	0	0	167768	167825	607921	607864	6.21e-22	108	367808	640501
NC_037304.1	GWHBDNP00000002.1	91.139	79	5	2	234150	234227	75082	75005	2.23e-21	106	367808	640501
NC_037304.1	GWHBDNP00000002.1	96.875	64	1	1	156730	156793	249849	249787	2.23e-21	106	367808	640501
NC_037304.1	GWHBDNP00000002.1	91.139	79	5	2	234150	234227	309448	309371	2.23e-21	106	367808	640501
NC_037304.1	GWHBDNP00000002.1	96.875	64	1	1	156730	156793	385172	385110	2.23e-21	106	367808	640501
NC_037304.1	GWHBDNP00000002.1	94.203	69	4	0	286851	286919	434412	434344	2.23e-21	106	367808	640501
NC_037304.1	GWHBDNP00000002.1	91.139	79	5	2	234150	234227	444824	444747	2.23e-21	106	367808	640501
NC_037304.1	GWHBDNP00000002.1	91.139	79	5	2	331877	331954	530553	530630	2.23e-21	106	367808	640501
NC_037304.1	GWHBDNP00000002.1	96.875	64	1	1	273277	273339	607875	607938	2.23e-21	106	367808	640501
NC_037304.1	GWHBDNP00000002.1	98.305	59	1	0	156735	156793	15393	15335	8.03e-21	104	367808	640501
NC_037304.1	GWHBDNP00000002.1	96.774	62	2	0	80035	80096	21502	21563	8.03e-21	104	367808	640501
NC_037304.1	GWHBDNP00000002.1	93.151	73	1	2	97165	97234	25202	25131	8.03e-21	104	367808	640501
NC_037304.1	GWHBDNP00000002.1	96.774	62	2	0	234984	235045	131669	131730	8.03e-21	104	367808	640501
NC_037304.1	GWHBDNP00000002.1	93.151	73	1	2	282004	282075	194403	194472	8.03e-21	104	367808	640501
NC_037304.1	GWHBDNP00000002.1	96.774	62	2	0	278381	278442	211595	211534	8.03e-21	104	367808	640501
NC_037304.1	GWHBDNP00000002.1	96.774	62	2	0	80035	80096	255955	256016	8.03e-21	104	367808	640501
NC_037304.1	GWHBDNP00000002.1	93.151	73	1	2	97165	97234	259655	259584	8.03e-21	104	367808	640501
NC_037304.1	GWHBDNP00000002.1	93.151	73	1	2	282004	282075	329727	329796	8.03e-21	104	367808	640501
NC_037304.1	GWHBDNP00000002.1	96.774	62	2	0	278381	278442	346920	346859	8.03e-21	104	367808	640501
NC_037304.1	GWHBDNP00000002.1	96.774	62	2	0	80035	80096	391276	391337	8.03e-21	104	367808	640501
NC_037304.1	GWHBDNP00000002.1	93.151	73	1	2	97165	97234	394976	394905	8.03e-21	104	367808	640501
NC_037304.1	GWHBDNP00000002.1	93.151	73	1	2	282004	282075	465104	465173	8.03e-21	104	367808	640501
NC_037304.1	GWHBDNP00000002.1	96.774	62	2	0	278381	278442	482297	482236	8.03e-21	104	367808	640501
NC_037304.1	GWHBDNP00000002.1	96.774	62	2	0	20754	20815	529796	529735	8.03e-21	104	367808	640501
NC_037304.1	GWHBDNP00000002.1	98.305	59	1	0	156734	156792	580926	580868	8.03e-21	104	367808	640501
NC_037304.1	GWHBDNP00000002.1	98.305	59	1	0	183791	183849	607934	607876	8.03e-21	104	367808	640501
NC_037304.1	GWHBDNP00000002.1	91.139	79	2	5	118662	118737	172945	172869	2.89e-20	102	367808	640501
NC_037304.1	GWHBDNP00000002.1	91.139	79	2	5	118692	118768	172975	172900	2.89e-20	102	367808	640501
NC_037304.1	GWHBDNP00000002.1	98.214	56	1	0	359439	359494	30576	30631	3.74e-19	99.0	367808	640501
NC_037304.1	GWHBDNP00000002.1	98.214	56	1	0	287449	287504	102567	102622	3.74e-19	99.0	367808	640501
NC_037304.1	GWHBDNP00000002.1	98.214	56	1	0	161529	161584	542081	542136	3.74e-19	99.0	367808	640501
NC_037304.1	GWHBDNP00000002.1	96.667	60	1	1	161526	161584	579296	579355	3.74e-19	99.0	367808	640501
NC_037304.1	GWHBDNP00000002.1	96.667	60	1	1	185362	185421	603084	603142	3.74e-19	99.0	367808	640501
NC_037304.1	GWHBDNP00000002.1	98.214	56	1	0	222650	222705	603084	603139	3.74e-19	99.0	367808	640501
NC_037304.1	GWHBDNP00000002.1	100.000	53	0	0	46645	46697	630485	630537	3.74e-19	99.0	367808	640501
NC_037304.1	GWHBDNP00000002.1	100.000	53	0	0	46593	46645	630537	630589	3.74e-19	99.0	367808	640501
NC_037304.1	GWHBDNP00000002.1	93.846	65	2	1	695	757	111585	111649	1.34e-18	97.1	367808	640501
NC_037304.1	GWHBDNP00000002.1	93.846	65	2	1	194892	194954	111585	111649	1.34e-18	97.1	367808	640501
NC_037304.1	GWHBDNP00000002.1	93.846	65	2	1	659	723	111621	111683	1.34e-18	97.1	367808	640501
NC_037304.1	GWHBDNP00000002.1	93.846	65	2	1	194856	194920	111621	111683	1.34e-18	97.1	367808	640501
NC_037304.1	GWHBDNP00000002.1	93.846	65	2	1	194892	194954	569861	569797	1.34e-18	97.1	367808	640501
NC_037304.1	GWHBDNP00000002.1	93.846	65	2	1	695	757	569861	569797	1.34e-18	97.1	367808	640501
NC_037304.1	GWHBDNP00000002.1	100.000	52	0	0	156848	156899	607882	607831	1.34e-18	97.1	367808	640501
NC_037304.1	GWHBDNP00000002.1	95.000	60	2	1	148661	148720	20797	20855	1.74e-17	93.5	367808	640501
NC_037304.1	GWHBDNP00000002.1	93.750	64	0	1	84547	84606	141761	141698	1.74e-17	93.5	367808	640501
NC_037304.1	GWHBDNP00000002.1	93.750	64	0	1	30783	30846	207031	207090	1.74e-17	93.5	367808	640501
NC_037304.1	GWHBDNP00000002.1	95.000	60	2	1	148661	148720	255249	255307	1.74e-17	93.5	367808	640501
NC_037304.1	GWHBDNP00000002.1	96.429	56	2	0	359439	359494	265029	265084	1.74e-17	93.5	367808	640501
NC_037304.1	GWHBDNP00000002.1	93.750	64	0	1	30783	30846	342355	342414	1.74e-17	93.5	367808	640501
NC_037304.1	GWHBDNP00000002.1	95.000	60	2	1	148661	148720	390571	390629	1.74e-17	93.5	367808	640501
NC_037304.1	GWHBDNP00000002.1	96.429	56	2	0	359439	359494	400350	400405	1.74e-17	93.5	367808	640501
NC_037304.1	GWHBDNP00000002.1	93.750	64	0	1	30783	30846	477732	477791	1.74e-17	93.5	367808	640501
NC_037304.1	GWHBDNP00000002.1	100.000	49	0	0	162903	162951	238451	238499	6.25e-17	91.6	367808	640501
NC_037304.1	GWHBDNP00000002.1	100.000	49	0	0	162903	162951	373774	373822	6.25e-17	91.6	367808	640501
NC_037304.1	GWHBDNP00000002.1	100.000	49	0	0	59228	59276	601765	601717	6.25e-17	91.6	367808	640501
NC_037304.1	GWHBDNP00000002.1	98.077	52	1	0	156786	156837	607820	607769	6.25e-17	91.6	367808	640501
NC_037304.1	GWHBDNP00000002.1	96.364	55	1	1	20201	20254	75015	74961	2.25e-16	89.8	367808	640501
NC_037304.1	GWHBDNP00000002.1	96.364	55	1	1	331833	331887	131169	131116	2.25e-16	89.8	367808	640501
NC_037304.1	GWHBDNP00000002.1	94.828	58	2	1	59776	59833	164710	164766	2.25e-16	89.8	367808	640501
NC_037304.1	GWHBDNP00000002.1	94.828	58	2	1	126871	126927	239056	238999	2.25e-16	89.8	367808	640501
NC_037304.1	GWHBDNP00000002.1	96.364	55	1	1	20201	20254	309381	309327	2.25e-16	89.8	367808	640501
NC_037304.1	GWHBDNP00000002.1	94.828	58	2	1	126871	126927	374379	374322	2.25e-16	89.8	367808	640501
NC_037304.1	GWHBDNP00000002.1	96.364	55	1	1	20201	20254	444757	444703	2.25e-16	89.8	367808	640501
NC_037304.1	GWHBDNP00000002.1	90.909	66	2	1	220794	220855	239752	239687	2.91e-15	86.1	367808	640501
NC_037304.1	GWHBDNP00000002.1	90.909	66	2	1	220794	220855	375075	375010	2.91e-15	86.1	367808	640501
NC_037304.1	GWHBDNP00000002.1	90.909	66	2	1	60464	60529	543931	543992	2.91e-15	86.1	367808	640501
NC_037304.1	GWHBDNP00000002.1	97.917	48	1	0	202933	202980	97904	97951	1.05e-14	84.2	367808	640501
NC_037304.1	GWHBDNP00000002.1	97.917	48	1	0	354776	354823	561784	561737	1.05e-14	84.2	367808	640501
NC_037304.1	GWHBDNP00000002.1	90.323	62	6	0	332851	332912	12631	12692	3.76e-14	82.4	367808	640501
NC_037304.1	GWHBDNP00000002.1	97.872	47	1	0	167768	167814	15381	15335	3.76e-14	82.4	367808	640501
NC_037304.1	GWHBDNP00000002.1	90.323	62	6	0	270573	270634	75979	76040	3.76e-14	82.4	367808	640501
NC_037304.1	GWHBDNP00000002.1	90.323	62	6	0	332851	332912	247083	247144	3.76e-14	82.4	367808	640501
NC_037304.1	GWHBDNP00000002.1	97.872	47	1	0	167768	167814	249833	249787	3.76e-14	82.4	367808	640501
NC_037304.1	GWHBDNP00000002.1	90.323	62	6	0	270573	270634	310345	310406	3.76e-14	82.4	367808	640501
NC_037304.1	GWHBDNP00000002.1	90.323	62	6	0	332851	332912	382406	382467	3.76e-14	82.4	367808	640501
NC_037304.1	GWHBDNP00000002.1	97.872	47	1	0	167768	167814	385156	385110	3.76e-14	82.4	367808	640501
NC_037304.1	GWHBDNP00000002.1	90.323	62	6	0	270573	270634	445721	445782	3.76e-14	82.4	367808	640501
NC_037304.1	GWHBDNP00000002.1	97.872	47	1	0	273277	273323	596903	596949	3.76e-14	82.4	367808	640501
NC_037304.1	GWHBDNP00000002.1	100.000	43	0	0	301904	301946	45002	45044	1.35e-13	80.5	367808	640501
NC_037304.1	GWHBDNP00000002.1	100.000	43	0	0	301875	301917	45031	45073	1.35e-13	80.5	367808	640501
NC_037304.1	GWHBDNP00000002.1	96.000	50	1	1	15194	15242	126079	126128	1.35e-13	80.5	367808	640501
NC_037304.1	GWHBDNP00000002.1	96.000	50	1	1	15164	15213	126109	126157	1.35e-13	80.5	367808	640501
NC_037304.1	GWHBDNP00000002.1	97.826	46	1	0	167768	167813	580913	580868	1.35e-13	80.5	367808	640501
NC_037304.1	GWHBDNP00000002.1	97.826	46	1	0	183804	183849	596949	596904	1.35e-13	80.5	367808	640501
NC_037304.1	GWHBDNP00000002.1	94.118	51	3	0	333065	333115	64600	64650	4.87e-13	78.7	367808	640501
NC_037304.1	GWHBDNP00000002.1	94.118	51	3	0	321473	321523	76193	76243	4.87e-13	78.7	367808	640501
NC_037304.1	GWHBDNP00000002.1	94.118	51	3	0	41908	41958	76243	76193	4.87e-13	78.7	367808	640501
NC_037304.1	GWHBDNP00000002.1	97.778	45	1	0	153043	153087	126001	126045	4.87e-13	78.7	367808	640501
NC_037304.1	GWHBDNP00000002.1	94.118	51	3	0	333065	333115	298966	299016	4.87e-13	78.7	367808	640501
NC_037304.1	GWHBDNP00000002.1	94.118	51	3	0	321473	321523	310559	310609	4.87e-13	78.7	367808	640501
NC_037304.1	GWHBDNP00000002.1	94.118	51	3	0	41908	41958	310609	310559	4.87e-13	78.7	367808	640501
NC_037304.1	GWHBDNP00000002.1	94.118	51	3	0	321473	321523	445935	445985	4.87e-13	78.7	367808	640501
NC_037304.1	GWHBDNP00000002.1	94.118	51	3	0	41908	41958	445985	445935	4.87e-13	78.7	367808	640501
NC_037304.1	GWHBDNP00000002.1	97.778	45	1	0	15086	15130	611625	611581	4.87e-13	78.7	367808	640501
NC_037304.1	GWHBDNP00000002.1	94.118	51	3	0	333065	333115	625850	625800	4.87e-13	78.7	367808	640501
NC_037304.1	GWHBDNP00000002.1	92.453	53	4	0	93280	93332	25183	25131	1.75e-12	76.8	367808	640501
NC_037304.1	GWHBDNP00000002.1	95.833	48	1	1	183750	183796	161468	161515	1.75e-12	76.8	367808	640501
NC_037304.1	GWHBDNP00000002.1	92.453	53	4	0	282004	282056	198305	198357	1.75e-12	76.8	367808	640501
NC_037304.1	GWHBDNP00000002.1	92.453	53	4	0	93280	93332	259636	259584	1.75e-12	76.8	367808	640501
NC_037304.1	GWHBDNP00000002.1	92.453	53	4	0	282004	282056	333629	333681	1.75e-12	76.8	367808	640501
NC_037304.1	GWHBDNP00000002.1	92.453	53	4	0	93280	93332	394957	394905	1.75e-12	76.8	367808	640501
NC_037304.1	GWHBDNP00000002.1	92.453	53	4	0	282004	282056	469006	469058	1.75e-12	76.8	367808	640501
NC_037304.1	GWHBDNP00000002.1	95.833	48	1	1	130123	130170	580921	580967	1.75e-12	76.8	367808	640501
NC_037304.1	GWHBDNP00000002.1	95.652	46	1	1	226131	226176	154968	154924	2.26e-11	73.1	367808	640501
NC_037304.1	GWHBDNP00000002.1	92.157	51	4	0	333065	333115	434343	434393	2.26e-11	73.1	367808	640501
NC_037304.1	GWHBDNP00000002.1	95.652	46	1	1	136670	136714	538649	538604	2.26e-11	73.1	367808	640501
NC_037304.1	GWHBDNP00000002.1	95.455	44	2	0	324135	324178	7413	7370	8.14e-11	71.3	367808	640501
NC_037304.1	GWHBDNP00000002.1	95.455	44	2	0	229856	229899	67263	67306	8.14e-11	71.3	367808	640501
NC_037304.1	GWHBDNP00000002.1	100.000	38	0	0	254995	255032	87533	87570	8.14e-11	71.3	367808	640501
NC_037304.1	GWHBDNP00000002.1	100.000	38	0	0	30532	30569	87570	87533	8.14e-11	71.3	367808	640501
NC_037304.1	GWHBDNP00000002.1	100.000	38	0	0	344405	344442	141484	141447	8.14e-11	71.3	367808	640501
NC_037304.1	GWHBDNP00000002.1	100.000	38	0	0	57738	57775	163449	163486	8.14e-11	71.3	367808	640501
NC_037304.1	GWHBDNP00000002.1	97.561	41	1	0	100647	100687	176877	176837	8.14e-11	71.3	367808	640501
NC_037304.1	GWHBDNP00000002.1	97.561	41	1	0	114760	114800	190990	190950	8.14e-11	71.3	367808	640501
NC_037304.1	GWHBDNP00000002.1	95.455	44	2	0	156780	156823	194365	194408	8.14e-11	71.3	367808	640501
NC_037304.1	GWHBDNP00000002.1	100.000	38	0	0	128151	128188	236996	236959	8.14e-11	71.3	367808	640501
NC_037304.1	GWHBDNP00000002.1	95.455	44	2	0	229856	229899	301629	301672	8.14e-11	71.3	367808	640501
NC_037304.1	GWHBDNP00000002.1	97.561	41	1	0	114760	114800	326314	326274	8.14e-11	71.3	367808	640501
NC_037304.1	GWHBDNP00000002.1	95.455	44	2	0	156780	156823	329689	329732	8.14e-11	71.3	367808	640501
NC_037304.1	GWHBDNP00000002.1	100.000	38	0	0	128151	128188	372321	372284	8.14e-11	71.3	367808	640501
NC_037304.1	GWHBDNP00000002.1	95.455	44	2	0	229856	229899	437005	437048	8.14e-11	71.3	367808	640501
NC_037304.1	GWHBDNP00000002.1	97.561	41	1	0	114760	114800	461691	461651	8.14e-11	71.3	367808	640501
NC_037304.1	GWHBDNP00000002.1	95.455	44	2	0	156780	156823	465066	465109	8.14e-11	71.3	367808	640501
NC_037304.1	GWHBDNP00000002.1	100.000	38	0	0	344405	344442	509782	509745	8.14e-11	71.3	367808	640501
NC_037304.1	GWHBDNP00000002.1	95.455	44	2	0	324135	324178	534924	534881	8.14e-11	71.3	367808	640501
NC_037304.1	GWHBDNP00000002.1	95.455	44	2	0	97229	97272	607845	607888	8.14e-11	71.3	367808	640501
NC_037304.1	GWHBDNP00000002.1	97.500	40	1	0	216155	216194	87535	87574	2.93e-10	69.4	367808	640501
NC_037304.1	GWHBDNP00000002.1	100.000	37	0	0	156849	156885	194372	194408	2.93e-10	69.4	367808	640501
NC_037304.1	GWHBDNP00000002.1	100.000	37	0	0	156849	156885	329696	329732	2.93e-10	69.4	367808	640501
NC_037304.1	GWHBDNP00000002.1	100.000	37	0	0	156849	156885	465073	465109	2.93e-10	69.4	367808	640501
NC_037304.1	GWHBDNP00000002.1	97.500	40	1	0	344407	344446	548632	548593	2.93e-10	69.4	367808	640501
NC_037304.1	GWHBDNP00000002.1	100.000	36	0	0	1971	2006	13511	13546	1.05e-09	67.6	367808	640501
NC_037304.1	GWHBDNP00000002.1	100.000	36	0	0	196168	196203	13511	13546	1.05e-09	67.6	367808	640501
NC_037304.1	GWHBDNP00000002.1	93.333	45	3	0	68686	68730	31242	31198	1.05e-09	67.6	367808	640501
NC_037304.1	GWHBDNP00000002.1	97.500	40	0	1	155396	155434	89344	89383	1.05e-09	67.6	367808	640501
NC_037304.1	GWHBDNP00000002.1	100.000	36	0	0	183495	183530	105143	105108	1.05e-09	67.6	367808	640501
NC_037304.1	GWHBDNP00000002.1	100.000	36	0	0	271453	271488	112886	112921	1.05e-09	67.6	367808	640501
NC_037304.1	GWHBDNP00000002.1	97.500	40	0	1	155396	155434	130605	130644	1.05e-09	67.6	367808	640501
NC_037304.1	GWHBDNP00000002.1	93.333	45	3	0	288070	288114	222889	222933	1.05e-09	67.6	367808	640501
NC_037304.1	GWHBDNP00000002.1	100.000	36	0	0	1971	2006	247963	247998	1.05e-09	67.6	367808	640501
NC_037304.1	GWHBDNP00000002.1	100.000	36	0	0	196168	196203	247963	247998	1.05e-09	67.6	367808	640501
NC_037304.1	GWHBDNP00000002.1	93.333	45	3	0	68686	68730	265694	265650	1.05e-09	67.6	367808	640501
NC_037304.1	GWHBDNP00000002.1	93.333	45	3	0	288070	288114	358214	358258	1.05e-09	67.6	367808	640501
NC_037304.1	GWHBDNP00000002.1	100.000	36	0	0	1971	2006	383286	383321	1.05e-09	67.6	367808	640501
NC_037304.1	GWHBDNP00000002.1	100.000	36	0	0	196168	196203	383286	383321	1.05e-09	67.6	367808	640501
NC_037304.1	GWHBDNP00000002.1	93.333	45	3	0	68686	68730	401015	400971	1.05e-09	67.6	367808	640501
NC_037304.1	GWHBDNP00000002.1	93.333	45	3	0	288070	288114	493389	493433	1.05e-09	67.6	367808	640501
NC_037304.1	GWHBDNP00000002.1	100.000	36	0	0	271453	271488	568549	568514	1.05e-09	67.6	367808	640501
NC_037304.1	GWHBDNP00000002.1	100.000	36	0	0	361980	362015	581187	581222	1.05e-09	67.6	367808	640501
NC_037304.1	GWHBDNP00000002.1	97.500	40	0	1	346216	346255	609272	609234	1.05e-09	67.6	367808	640501
NC_037304.1	GWHBDNP00000002.1	97.500	40	0	1	19690	19729	609272	609234	1.05e-09	67.6	367808	640501
NC_037304.1	GWHBDNP00000002.1	91.837	49	1	3	156778	156823	8125	8173	3.79e-09	65.8	367808	640501
NC_037304.1	GWHBDNP00000002.1	97.368	38	1	0	366805	366842	109888	109925	3.79e-09	65.8	367808	640501
NC_037304.1	GWHBDNP00000002.1	97.368	38	1	0	366770	366807	109923	109960	3.79e-09	65.8	367808	640501
NC_037304.1	GWHBDNP00000002.1	97.436	39	0	1	84536	84574	141796	141759	3.79e-09	65.8	367808	640501
NC_037304.1	GWHBDNP00000002.1	97.436	39	0	1	30844	30881	207063	207101	3.79e-09	65.8	367808	640501
NC_037304.1	GWHBDNP00000002.1	97.436	39	0	1	30844	30881	342387	342425	3.79e-09	65.8	367808	640501
NC_037304.1	GWHBDNP00000002.1	97.436	39	0	1	30844	30881	477764	477802	3.79e-09	65.8	367808	640501
NC_037304.1	GWHBDNP00000002.1	91.837	49	1	3	156778	156823	535636	535684	3.79e-09	65.8	367808	640501
NC_037304.1	GWHBDNP00000002.1	91.837	49	1	3	229096	229144	607845	607890	3.79e-09	65.8	367808	640501
NC_037304.1	GWHBDNP00000002.1	97.297	37	1	0	224387	224423	29377	29413	1.36e-08	63.9	367808	640501
NC_037304.1	GWHBDNP00000002.1	97.368	38	0	1	346727	346763	75015	74978	1.36e-08	63.9	367808	640501
NC_037304.1	GWHBDNP00000002.1	97.368	38	0	1	331850	331887	89891	89855	1.36e-08	63.9	367808	640501
NC_037304.1	GWHBDNP00000002.1	97.297	37	1	0	224387	224423	263830	263866	1.36e-08	63.9	367808	640501
NC_037304.1	GWHBDNP00000002.1	97.368	38	0	1	346727	346763	309381	309344	1.36e-08	63.9	367808	640501
NC_037304.1	GWHBDNP00000002.1	97.297	37	1	0	224387	224423	399151	399187	1.36e-08	63.9	367808	640501
NC_037304.1	GWHBDNP00000002.1	97.368	38	0	1	346727	346763	444757	444720	1.36e-08	63.9	367808	640501
NC_037304.1	GWHBDNP00000002.1	97.297	37	1	0	286253	286289	540390	540354	1.36e-08	63.9	367808	640501
NC_037304.1	GWHBDNP00000002.1	97.297	37	1	0	97229	97265	607783	607819	1.36e-08	63.9	367808	640501
NC_037304.1	GWHBDNP00000002.1	95.000	40	0	2	156817	156854	8134	8173	4.90e-08	62.1	367808	640501
NC_037304.1	GWHBDNP00000002.1	95.000	40	0	2	156848	156885	8134	8173	4.90e-08	62.1	367808	640501
NC_037304.1	GWHBDNP00000002.1	93.023	43	1	2	97225	97265	8177	8135	4.90e-08	62.1	367808	640501
NC_037304.1	GWHBDNP00000002.1	97.222	36	1	0	287450	287485	30526	30561	4.90e-08	62.1	367808	640501
NC_037304.1	GWHBDNP00000002.1	97.222	36	1	0	287399	287434	30577	30612	4.90e-08	62.1	367808	640501
NC_037304.1	GWHBDNP00000002.1	100.000	33	0	0	342081	342113	85163	85195	4.90e-08	62.1	367808	640501
NC_037304.1	GWHBDNP00000002.1	100.000	33	0	0	342035	342067	85209	85241	4.90e-08	62.1	367808	640501
NC_037304.1	GWHBDNP00000002.1	93.023	43	1	2	229092	229134	194412	194372	4.90e-08	62.1	367808	640501
NC_037304.1	GWHBDNP00000002.1	97.222	36	1	0	287450	287485	264979	265014	4.90e-08	62.1	367808	640501
NC_037304.1	GWHBDNP00000002.1	93.023	43	1	2	229092	229134	329736	329696	4.90e-08	62.1	367808	640501
NC_037304.1	GWHBDNP00000002.1	97.222	36	1	0	287450	287485	400300	400335	4.90e-08	62.1	367808	640501
NC_037304.1	GWHBDNP00000002.1	93.023	43	1	2	229092	229134	465113	465073	4.90e-08	62.1	367808	640501
NC_037304.1	GWHBDNP00000002.1	95.000	40	0	2	156817	156854	535645	535684	4.90e-08	62.1	367808	640501
NC_037304.1	GWHBDNP00000002.1	95.000	40	0	2	156848	156885	535645	535684	4.90e-08	62.1	367808	640501
NC_037304.1	GWHBDNP00000002.1	93.023	43	1	2	97225	97265	535688	535646	4.90e-08	62.1	367808	640501
NC_037304.1	GWHBDNP00000002.1	95.000	40	0	2	229096	229135	607814	607851	4.90e-08	62.1	367808	640501
NC_037304.1	GWHBDNP00000002.1	97.222	36	0	1	156880	156914	25165	25200	1.76e-07	60.2	367808	640501
NC_037304.1	GWHBDNP00000002.1	100.000	32	0	0	40038	40069	241414	241383	1.76e-07	60.2	367808	640501
NC_037304.1	GWHBDNP00000002.1	97.222	36	0	1	156880	156914	259618	259653	1.76e-07	60.2	367808	640501
NC_037304.1	GWHBDNP00000002.1	100.000	32	0	0	40038	40069	376737	376706	1.76e-07	60.2	367808	640501
NC_037304.1	GWHBDNP00000002.1	97.222	36	0	1	156880	156914	394939	394974	1.76e-07	60.2	367808	640501
NC_037304.1	GWHBDNP00000002.1	97.222	36	0	1	282038	282073	607788	607754	1.76e-07	60.2	367808	640501
NC_037304.1	GWHBDNP00000002.1	100.000	32	0	0	62160	62191	623961	623930	1.76e-07	60.2	367808	640501
NC_037304.1	GWHBDNP00000002.1	100.000	31	0	0	144167	144197	13511	13541	6.34e-07	58.4	367808	640501
NC_037304.1	GWHBDNP00000002.1	100.000	31	0	0	36574	36604	13541	13511	6.34e-07	58.4	367808	640501
NC_037304.1	GWHBDNP00000002.1	97.059	34	1	0	359442	359475	30528	30561	6.34e-07	58.4	367808	640501
NC_037304.1	GWHBDNP00000002.1	94.595	37	2	0	335805	335841	68658	68694	6.34e-07	58.4	367808	640501
NC_037304.1	GWHBDNP00000002.1	94.595	37	2	0	325530	325566	78933	78969	6.34e-07	58.4	367808	640501
NC_037304.1	GWHBDNP00000002.1	97.059	34	1	0	287401	287434	102570	102603	6.34e-07	58.4	367808	640501
NC_037304.1	GWHBDNP00000002.1	100.000	31	0	0	271453	271483	147471	147441	6.34e-07	58.4	367808	640501
NC_037304.1	GWHBDNP00000002.1	100.000	31	0	0	144167	144197	247963	247993	6.34e-07	58.4	367808	640501
NC_037304.1	GWHBDNP00000002.1	100.000	31	0	0	36574	36604	247993	247963	6.34e-07	58.4	367808	640501
NC_037304.1	GWHBDNP00000002.1	97.059	34	1	0	359442	359475	264981	265014	6.34e-07	58.4	367808	640501
NC_037304.1	GWHBDNP00000002.1	94.595	37	2	0	335805	335841	303024	303060	6.34e-07	58.4	367808	640501
NC_037304.1	GWHBDNP00000002.1	94.595	37	2	0	325530	325566	313299	313335	6.34e-07	58.4	367808	640501
NC_037304.1	GWHBDNP00000002.1	100.000	31	0	0	144167	144197	383286	383316	6.34e-07	58.4	367808	640501
NC_037304.1	GWHBDNP00000002.1	100.000	31	0	0	36574	36604	383316	383286	6.34e-07	58.4	367808	640501
NC_037304.1	GWHBDNP00000002.1	97.059	34	1	0	359442	359475	400302	400335	6.34e-07	58.4	367808	640501
NC_037304.1	GWHBDNP00000002.1	94.595	37	2	0	335805	335841	438400	438436	6.34e-07	58.4	367808	640501
NC_037304.1	GWHBDNP00000002.1	94.595	37	2	0	325530	325566	448675	448711	6.34e-07	58.4	367808	640501
NC_037304.1	GWHBDNP00000002.1	100.000	31	0	0	271453	271483	620496	620466	6.34e-07	58.4	367808	640501
NC_037304.1	GWHBDNP00000002.1	100.000	30	0	0	139732	139761	87565	87536	2.28e-06	56.5	367808	640501
NC_037304.1	GWHBDNP00000002.1	100.000	30	0	0	139732	139761	141452	141481	2.28e-06	56.5	367808	640501
NC_037304.1	GWHBDNP00000002.1	100.000	30	0	0	254998	255027	151877	151906	2.28e-06	56.5	367808	640501
NC_037304.1	GWHBDNP00000002.1	100.000	30	0	0	30537	30566	151906	151877	2.28e-06	56.5	367808	640501
NC_037304.1	GWHBDNP00000002.1	100.000	30	0	0	344408	344437	151877	151906	2.28e-06	56.5	367808	640501
NC_037304.1	GWHBDNP00000002.1	100.000	30	0	0	139732	139761	509750	509779	2.28e-06	56.5	367808	640501
NC_037304.1	GWHBDNP00000002.1	100.000	29	0	0	183765	183793	28842	28870	8.20e-06	54.7	367808	640501
NC_037304.1	GWHBDNP00000002.1	100.000	29	0	0	130126	130154	28870	28842	8.20e-06	54.7	367808	640501
NC_037304.1	GWHBDNP00000002.1	100.000	29	0	0	82750	82778	89349	89377	8.20e-06	54.7	367808	640501
NC_037304.1	GWHBDNP00000002.1	96.970	33	0	1	123950	123982	99441	99472	8.20e-06	54.7	367808	640501
NC_037304.1	GWHBDNP00000002.1	100.000	29	0	0	249692	249720	101107	101135	8.20e-06	54.7	367808	640501
NC_037304.1	GWHBDNP00000002.1	100.000	29	0	0	70510	70538	112882	112910	8.20e-06	54.7	367808	640501
NC_037304.1	GWHBDNP00000002.1	100.000	29	0	0	82750	82778	130610	130638	8.20e-06	54.7	367808	640501
NC_037304.1	GWHBDNP00000002.1	100.000	29	0	0	70510	70538	147475	147447	8.20e-06	54.7	367808	640501
NC_037304.1	GWHBDNP00000002.1	100.000	29	0	0	285715	285743	161484	161512	8.20e-06	54.7	367808	640501
NC_037304.1	GWHBDNP00000002.1	96.970	33	0	1	356313	356344	167687	167655	8.20e-06	54.7	367808	640501
NC_037304.1	GWHBDNP00000002.1	100.000	29	0	0	346221	346249	208887	208859	8.20e-06	54.7	367808	640501
NC_037304.1	GWHBDNP00000002.1	100.000	29	0	0	155400	155428	208887	208859	8.20e-06	54.7	367808	640501
NC_037304.1	GWHBDNP00000002.1	100.000	29	0	0	19695	19723	208887	208859	8.20e-06	54.7	367808	640501
NC_037304.1	GWHBDNP00000002.1	100.000	29	0	0	36580	36608	221081	221109	8.20e-06	54.7	367808	640501
NC_037304.1	GWHBDNP00000002.1	100.000	29	0	0	196164	196192	221109	221081	8.20e-06	54.7	367808	640501
NC_037304.1	GWHBDNP00000002.1	100.000	29	0	0	144163	144191	221109	221081	8.20e-06	54.7	367808	640501
NC_037304.1	GWHBDNP00000002.1	100.000	29	0	0	1967	1995	221109	221081	8.20e-06	54.7	367808	640501
NC_037304.1	GWHBDNP00000002.1	100.000	29	0	0	183765	183793	263295	263323	8.20e-06	54.7	367808	640501
NC_037304.1	GWHBDNP00000002.1	100.000	29	0	0	130126	130154	263323	263295	8.20e-06	54.7	367808	640501
NC_037304.1	GWHBDNP00000002.1	100.000	29	0	0	346221	346249	344211	344183	8.20e-06	54.7	367808	640501
NC_037304.1	GWHBDNP00000002.1	100.000	29	0	0	155400	155428	344211	344183	8.20e-06	54.7	367808	640501
NC_037304.1	GWHBDNP00000002.1	100.000	29	0	0	19695	19723	344211	344183	8.20e-06	54.7	367808	640501
NC_037304.1	GWHBDNP00000002.1	100.000	29	0	0	36580	36608	356406	356434	8.20e-06	54.7	367808	640501
NC_037304.1	GWHBDNP00000002.1	100.000	29	0	0	196164	196192	356434	356406	8.20e-06	54.7	367808	640501
NC_037304.1	GWHBDNP00000002.1	100.000	29	0	0	144163	144191	356434	356406	8.20e-06	54.7	367808	640501
NC_037304.1	GWHBDNP00000002.1	100.000	29	0	0	1967	1995	356434	356406	8.20e-06	54.7	367808	640501
NC_037304.1	GWHBDNP00000002.1	100.000	29	0	0	183765	183793	398616	398644	8.20e-06	54.7	367808	640501
NC_037304.1	GWHBDNP00000002.1	100.000	29	0	0	130126	130154	398644	398616	8.20e-06	54.7	367808	640501
NC_037304.1	GWHBDNP00000002.1	100.000	29	0	0	346221	346249	479588	479560	8.20e-06	54.7	367808	640501
NC_037304.1	GWHBDNP00000002.1	100.000	29	0	0	155400	155428	479588	479560	8.20e-06	54.7	367808	640501
NC_037304.1	GWHBDNP00000002.1	100.000	29	0	0	19695	19723	479588	479560	8.20e-06	54.7	367808	640501
NC_037304.1	GWHBDNP00000002.1	100.000	29	0	0	357979	358007	515085	515057	8.20e-06	54.7	367808	640501
NC_037304.1	GWHBDNP00000002.1	100.000	29	0	0	70510	70538	568553	568525	8.20e-06	54.7	367808	640501
NC_037304.1	GWHBDNP00000002.1	100.000	29	0	0	285715	285743	580952	580924	8.20e-06	54.7	367808	640501
NC_037304.1	GWHBDNP00000002.1	100.000	29	0	0	82750	82778	609268	609240	8.20e-06	54.7	367808	640501
NC_037304.1	GWHBDNP00000002.1	100.000	29	0	0	70510	70538	620500	620472	8.20e-06	54.7	367808	640501
NC_037304.1	GWHBDNP00000002.1	96.875	32	0	1	206461	206492	517885	517855	2.95e-05	52.8	367808	640501
NC_037304.1	GWHBDNP00000002.1	96.875	32	0	1	246892	246922	558256	558225	2.95e-05	52.8	367808	640501
NC_037304.1	GWHBDNP00000002.1	96.875	32	0	1	206221	206251	558256	558225	2.95e-05	52.8	367808	640501
NC_037304.1	GWHBDNP00000002.1	96.875	32	0	1	206461	206492	558496	558466	2.95e-05	52.8	367808	640501
