gnl|scaffold|RH17_T1-C11_3	NZ_AP028817.1	100.000	500	0	0	1	500	1	500	0.0	924	133429	134987
gnl|scaffold|RH17_T1-C11_3	NZ_AP028817.1	100.000	500	0	0	501	1000	501	1000	0.0	924	133429	134987
gnl|scaffold|RH17_T1-C11_3	NZ_AP028817.1	100.000	500	0	0	1001	1500	1001	1500	0.0	924	133429	134987
gnl|scaffold|RH17_T1-C11_3	NZ_AP028817.1	100.000	500	0	0	1501	2000	1501	2000	0.0	924	133429	134987
gnl|scaffold|RH17_T1-C11_3	NZ_AP028819.1	90.212	378	34	3	1544	1921	1331	1705	2.47e-140	490	133429	94035
gnl|scaffold|RH17_T1-C11_3	NZ_AP028817.1	100.000	500	0	0	2001	2500	2001	2500	0.0	924	133429	134987
gnl|scaffold|RH17_T1-C11_3	NZ_AP028817.1	100.000	500	0	0	2501	3000	2501	3000	0.0	924	133429	134987
gnl|scaffold|RH17_T1-C11_3	NZ_AP028817.1	100.000	500	0	0	3001	3500	3001	3500	0.0	924	133429	134987
gnl|scaffold|RH17_T1-C11_3	NZ_AP028817.1	100.000	500	0	0	3501	4000	3501	4000	0.0	924	133429	134987
gnl|scaffold|RH17_T1-C11_3	NZ_AP028817.1	100.000	500	0	0	4001	4500	4001	4500	0.0	924	133429	134987
gnl|scaffold|RH17_T1-C11_3	NZ_AP028817.1	100.000	419	0	0	4501	4919	4501	4919	0.0	774	133429	134987
gnl|scaffold|RH17_T1-C11_3	NZ_AP028817.1	100.000	90	0	0	4911	5000	7361	7450	4.73e-43	167	133429	134987
gnl|scaffold|RH17_T1-C11_3	NZ_AP028817.1	100.000	500	0	0	5001	5500	7451	7950	0.0	924	133429	134987
gnl|scaffold|RH17_T1-C11_3	NZ_AP028817.1	100.000	500	0	0	5501	6000	7951	8450	0.0	924	133429	134987
gnl|scaffold|RH17_T1-C11_3	NZ_AP028817.1	100.000	500	0	0	6001	6500	8451	8950	0.0	924	133429	134987
gnl|scaffold|RH17_T1-C11_3	NZ_AP028817.1	100.000	500	0	0	6501	7000	8951	9450	0.0	924	133429	134987
gnl|scaffold|RH17_T1-C11_3	NZ_AP028817.1	100.000	500	0	0	7001	7500	9451	9950	0.0	924	133429	134987
gnl|scaffold|RH17_T1-C11_3	NZ_AP028817.1	100.000	500	0	0	7501	8000	9951	10450	0.0	924	133429	134987
gnl|scaffold|RH17_T1-C11_3	NZ_AP028817.1	100.000	500	0	0	8001	8500	10451	10950	0.0	924	133429	134987
gnl|scaffold|RH17_T1-C11_3	NZ_AP028817.1	100.000	500	0	0	8501	9000	10951	11450	0.0	924	133429	134987
gnl|scaffold|RH17_T1-C11_3	NZ_AP028817.1	100.000	500	0	0	9001	9500	11451	11950	0.0	924	133429	134987
gnl|scaffold|RH17_T1-C11_3	NZ_AP028819.1	97.500	80	2	0	9421	9500	37780	37859	3.71e-34	137	133429	94035
gnl|scaffold|RH17_T1-C11_3	NZ_AP028817.1	100.000	500	0	0	9501	10000	11951	12450	0.0	924	133429	134987
gnl|scaffold|RH17_T1-C11_3	NZ_AP028819.1	97.600	500	12	0	9501	10000	37860	38359	0.0	857	133429	94035
gnl|scaffold|RH17_T1-C11_3	NZ_AP028817.1	100.000	500	0	0	10001	10500	12451	12950	0.0	924	133429	134987
gnl|scaffold|RH17_T1-C11_3	NZ_AP028819.1	97.813	503	8	1	10001	10500	38360	38862	0.0	865	133429	94035
gnl|scaffold|RH17_T1-C11_3	NZ_AP028817.1	100.000	500	0	0	10501	11000	12951	13450	0.0	924	133429	134987
gnl|scaffold|RH17_T1-C11_3	NZ_AP028817.1	94.771	459	22	1	10541	10999	25838	26294	0.0	713	133429	134987
gnl|scaffold|RH17_T1-C11_3	NZ_AP028819.1	90.909	110	4	1	10501	10604	38863	38972	7.97e-36	143	133429	94035
gnl|scaffold|RH17_T1-C11_3	NZ_AP028819.1	89.815	108	11	0	10610	10717	39030	39137	1.03e-34	139	133429	94035
gnl|scaffold|RH17_T1-C11_3	NZ_AP028817.1	99.400	500	3	0	11001	11500	13451	13950	0.0	907	133429	134987
gnl|scaffold|RH17_T1-C11_3	NZ_AP028817.1	96.994	499	15	0	11001	11499	26296	26794	0.0	839	133429	134987
gnl|scaffold|RH17_T1-C11_3	NZ_AP028819.1	94.480	471	25	1	11029	11499	39128	39597	0.0	725	133429	94035
gnl|scaffold|RH17_T1-C11_3	NZ_AP028817.1	99.800	500	1	0	11501	12000	13951	14450	0.0	918	133429	134987
gnl|scaffold|RH17_T1-C11_3	NZ_AP028817.1	92.994	157	10	1	11501	11656	26796	26952	2.14e-61	228	133429	134987
gnl|scaffold|RH17_T1-C11_3	NZ_AP028817.1	100.000	500	0	0	12001	12500	14451	14950	0.0	924	133429	134987
gnl|scaffold|RH17_T1-C11_3	NZ_AP028817.1	100.000	500	0	0	12501	13000	14951	15450	0.0	924	133429	134987
gnl|scaffold|RH17_T1-C11_3	NZ_AP028817.1	100.000	500	0	0	13001	13500	15451	15950	0.0	924	133429	134987
gnl|scaffold|RH17_T1-C11_3	NZ_AP028817.1	99.800	500	1	0	13501	14000	15951	16450	0.0	918	133429	134987
gnl|scaffold|RH17_T1-C11_3	NZ_AP028817.1	99.320	147	0	1	13854	14000	18416	18561	1.63e-72	265	133429	134987
gnl|scaffold|RH17_T1-C11_3	NZ_AP028817.1	99.400	500	3	0	14001	14500	16451	16950	0.0	907	133429	134987
gnl|scaffold|RH17_T1-C11_3	NZ_AP028817.1	99.400	500	3	0	14001	14500	18562	19061	0.0	907	133429	134987
gnl|scaffold|RH17_T1-C11_3	NZ_AP028817.1	100.000	500	0	0	14501	15000	19062	19561	0.0	924	133429	134987
gnl|scaffold|RH17_T1-C11_3	NZ_AP028817.1	99.435	177	1	0	14501	14677	16951	17127	9.54e-90	322	133429	134987
gnl|scaffold|RH17_T1-C11_3	NZ_AP028817.1	100.000	500	0	0	15001	15500	19562	20061	0.0	924	133429	134987
gnl|scaffold|RH17_T1-C11_3	NZ_AP028817.1	100.000	500	0	0	15501	16000	20062	20561	0.0	924	133429	134987
gnl|scaffold|RH17_T1-C11_3	NZ_AP028817.1	100.000	500	0	0	16001	16500	20562	21061	0.0	924	133429	134987
gnl|scaffold|RH17_T1-C11_3	NZ_AP028817.1	100.000	500	0	0	16501	17000	21062	21561	0.0	924	133429	134987
gnl|scaffold|RH17_T1-C11_3	NZ_AP028817.1	100.000	500	0	0	17001	17500	21562	22061	0.0	924	133429	134987
gnl|scaffold|RH17_T1-C11_3	NZ_AP028817.1	100.000	500	0	0	17501	18000	22062	22561	0.0	924	133429	134987
gnl|scaffold|RH17_T1-C11_3	NZ_AP028817.1	100.000	500	0	0	18001	18500	22562	23061	0.0	924	133429	134987
gnl|scaffold|RH17_T1-C11_3	NZ_AP028817.1	100.000	500	0	0	18501	19000	23062	23561	0.0	924	133429	134987
gnl|scaffold|RH17_T1-C11_3	NZ_AP028817.1	100.000	500	0	0	19001	19500	23562	24061	0.0	924	133429	134987
gnl|scaffold|RH17_T1-C11_3	NZ_AP028817.1	100.000	500	0	0	19501	20000	24062	24561	0.0	924	133429	134987
gnl|scaffold|RH17_T1-C11_3	NZ_AP028817.1	100.000	500	0	0	20001	20500	24562	25061	0.0	924	133429	134987
gnl|scaffold|RH17_T1-C11_3	NZ_AP028817.1	100.000	500	0	0	20501	21000	25062	25561	0.0	924	133429	134987
gnl|scaffold|RH17_T1-C11_3	NZ_AP028817.1	100.000	500	0	0	21001	21500	25562	26061	0.0	924	133429	134987
gnl|scaffold|RH17_T1-C11_3	NZ_AP028817.1	92.444	225	15	1	21277	21499	12991	13215	3.43e-89	320	133429	134987
gnl|scaffold|RH17_T1-C11_3	NZ_AP028819.1	97.196	107	3	0	21345	21451	39031	39137	1.69e-47	182	133429	94035
gnl|scaffold|RH17_T1-C11_3	NZ_AP028819.1	95.238	63	3	0	21289	21351	38921	38983	4.87e-23	100	133429	94035
gnl|scaffold|RH17_T1-C11_3	NZ_AP028817.1	100.000	500	0	0	21501	22000	26062	26561	0.0	924	133429	134987
gnl|scaffold|RH17_T1-C11_3	NZ_AP028817.1	98.000	500	10	0	21501	22000	13217	13716	0.0	869	133429	134987
gnl|scaffold|RH17_T1-C11_3	NZ_AP028819.1	93.644	236	14	1	21763	21998	39128	39362	1.22e-98	351	133429	94035
gnl|scaffold|RH17_T1-C11_3	NZ_AP028817.1	100.000	500	0	0	22001	22500	26562	27061	0.0	924	133429	134987
gnl|scaffold|RH17_T1-C11_3	NZ_AP028817.1	94.885	391	19	1	22001	22391	13717	14106	1.82e-176	610	133429	134987
gnl|scaffold|RH17_T1-C11_3	NZ_AP028819.1	90.148	406	26	4	22001	22392	39365	39770	4.08e-148	516	133429	94035
gnl|scaffold|RH17_T1-C11_3	NZ_AP028817.1	100.000	500	0	0	22501	23000	27062	27561	0.0	924	133429	134987
gnl|scaffold|RH17_T1-C11_3	NZ_AP028817.1	100.000	500	0	0	23001	23500	27562	28061	0.0	924	133429	134987
gnl|scaffold|RH17_T1-C11_3	NZ_AP028817.1	100.000	500	0	0	23501	24000	28062	28561	0.0	924	133429	134987
gnl|scaffold|RH17_T1-C11_3	NZ_AP028817.1	100.000	500	0	0	24001	24500	28562	29061	0.0	924	133429	134987
gnl|scaffold|RH17_T1-C11_3	NZ_AP028817.1	100.000	500	0	0	24501	25000	29062	29561	0.0	924	133429	134987
gnl|scaffold|RH17_T1-C11_3	NZ_AP028817.1	100.000	500	0	0	25001	25500	29562	30061	0.0	924	133429	134987
gnl|scaffold|RH17_T1-C11_3	NZ_AP028817.1	100.000	500	0	0	25501	26000	30062	30561	0.0	924	133429	134987
gnl|scaffold|RH17_T1-C11_3	NZ_AP028817.1	100.000	500	0	0	26001	26500	30562	31061	0.0	924	133429	134987
gnl|scaffold|RH17_T1-C11_3	NZ_AP028817.1	100.000	500	0	0	26501	27000	31062	31561	0.0	924	133429	134987
gnl|scaffold|RH17_T1-C11_3	NZ_AP028817.1	100.000	500	0	0	27001	27500	31562	32061	0.0	924	133429	134987
gnl|scaffold|RH17_T1-C11_3	NZ_AP028817.1	100.000	500	0	0	27501	28000	32062	32561	0.0	924	133429	134987
gnl|scaffold|RH17_T1-C11_3	NZ_AP028817.1	99.800	500	1	0	28001	28500	32562	33061	0.0	918	133429	134987
gnl|scaffold|RH17_T1-C11_3	NZ_AP028817.1	100.000	500	0	0	28501	29000	33062	33561	0.0	924	133429	134987
gnl|scaffold|RH17_T1-C11_3	NZ_AP028817.1	100.000	500	0	0	29001	29500	33562	34061	0.0	924	133429	134987
gnl|scaffold|RH17_T1-C11_3	NZ_AP028817.1	100.000	500	0	0	29501	30000	34062	34561	0.0	924	133429	134987
gnl|scaffold|RH17_T1-C11_3	NZ_AP028817.1	100.000	500	0	0	30001	30500	34562	35061	0.0	924	133429	134987
gnl|scaffold|RH17_T1-C11_3	NZ_AP028817.1	100.000	500	0	0	30501	31000	35062	35561	0.0	924	133429	134987
gnl|scaffold|RH17_T1-C11_3	NZ_AP028817.1	100.000	500	0	0	31001	31500	35562	36061	0.0	924	133429	134987
gnl|scaffold|RH17_T1-C11_3	NZ_AP028817.1	100.000	500	0	0	31501	32000	36062	36561	0.0	924	133429	134987
gnl|scaffold|RH17_T1-C11_3	NZ_AP028817.1	100.000	500	0	0	32001	32500	36562	37061	0.0	924	133429	134987
gnl|scaffold|RH17_T1-C11_3	NZ_AP028817.1	100.000	500	0	0	32501	33000	37062	37561	0.0	924	133429	134987
gnl|scaffold|RH17_T1-C11_3	NZ_AP028817.1	100.000	500	0	0	33001	33500	37562	38061	0.0	924	133429	134987
gnl|scaffold|RH17_T1-C11_3	NZ_AP028817.1	100.000	500	0	0	33501	34000	38062	38561	0.0	924	133429	134987
gnl|scaffold|RH17_T1-C11_3	NZ_AP028819.1	99.065	107	1	0	33851	33957	63412	63518	7.80e-51	193	133429	94035
gnl|scaffold|RH17_T1-C11_3	NZ_AP028817.1	100.000	500	0	0	34001	34500	38562	39061	0.0	924	133429	134987
gnl|scaffold|RH17_T1-C11_3	NZ_AP028819.1	99.277	415	3	0	34001	34415	44454	44040	0.0	750	133429	94035
gnl|scaffold|RH17_T1-C11_3	NZ_AP028817.1	99.800	500	1	0	34501	35000	39062	39561	0.0	918	133429	134987
gnl|scaffold|RH17_T1-C11_3	NZ_AP028817.1	100.000	364	0	0	34637	35000	53771	53408	0.0	673	133429	134987
gnl|scaffold|RH17_T1-C11_3	NZ_AP028817.1	100.000	364	0	0	34637	35000	131666	132029	0.0	673	133429	134987
gnl|scaffold|RH17_T1-C11_3	NZ_AP028817.1	99.451	364	2	0	34637	35000	49032	48669	0.0	662	133429	134987
gnl|scaffold|RH17_T1-C11_3	NZ_AP028817.1	99.000	500	5	0	35001	35500	39562	40061	0.0	896	133429	134987
gnl|scaffold|RH17_T1-C11_3	NZ_AP028817.1	99.752	404	1	0	35001	35404	48668	48265	0.0	741	133429	134987
gnl|scaffold|RH17_T1-C11_3	NZ_AP028817.1	99.752	404	1	0	35001	35404	53407	53004	0.0	741	133429	134987
gnl|scaffold|RH17_T1-C11_3	NZ_AP028817.1	99.752	404	1	0	35001	35404	132030	132433	0.0	741	133429	134987
gnl|scaffold|RH17_T1-C11_3	NZ_AP028817.1	100.000	500	0	0	35501	36000	40062	40561	0.0	924	133429	134987
gnl|scaffold|RH17_T1-C11_3	NZ_AP028817.1	100.000	500	0	0	36001	36500	40562	41061	0.0	924	133429	134987
gnl|scaffold|RH17_T1-C11_3	NZ_AP028817.1	100.000	500	0	0	36501	37000	41062	41561	0.0	924	133429	134987
gnl|scaffold|RH17_T1-C11_3	NZ_AP028817.1	100.000	500	0	0	37001	37500	41562	42061	0.0	924	133429	134987
gnl|scaffold|RH17_T1-C11_3	NZ_AP028817.1	100.000	500	0	0	37501	38000	42062	42561	0.0	924	133429	134987
gnl|scaffold|RH17_T1-C11_3	NZ_AP028817.1	100.000	500	0	0	38001	38500	42562	43061	0.0	924	133429	134987
gnl|scaffold|RH17_T1-C11_3	NZ_AP028817.1	100.000	500	0	0	38501	39000	43062	43561	0.0	924	133429	134987
gnl|scaffold|RH17_T1-C11_3	NZ_AP028817.1	100.000	500	0	0	39001	39500	43562	44061	0.0	924	133429	134987
gnl|scaffold|RH17_T1-C11_3	NZ_AP028817.1	100.000	500	0	0	39501	40000	44062	44561	0.0	924	133429	134987
gnl|scaffold|RH17_T1-C11_3	NZ_AP028817.1	100.000	500	0	0	40001	40500	44562	45061	0.0	924	133429	134987
gnl|scaffold|RH17_T1-C11_3	NZ_AP028817.1	100.000	500	0	0	40501	41000	45062	45561	0.0	924	133429	134987
gnl|scaffold|RH17_T1-C11_3	NZ_AP028817.1	100.000	500	0	0	41001	41500	45562	46061	0.0	924	133429	134987
gnl|scaffold|RH17_T1-C11_3	NZ_AP028817.1	94.600	500	0	1	41501	42000	46062	46534	0.0	749	133429	134987
gnl|scaffold|RH17_T1-C11_3	NZ_AP028817.1	100.000	500	0	0	42001	42500	46535	47034	0.0	924	133429	134987
gnl|scaffold|RH17_T1-C11_3	NZ_AP028819.1	93.564	404	24	2	42098	42500	10570	10168	1.09e-173	601	133429	94035
gnl|scaffold|RH17_T1-C11_3	NZ_AP028817.1	100.000	500	0	0	42501	43000	47035	47534	0.0	924	133429	134987
gnl|scaffold|RH17_T1-C11_3	NZ_AP028819.1	87.525	497	58	4	42503	42997	10165	9671	8.58e-165	571	133429	94035
gnl|scaffold|RH17_T1-C11_3	NZ_AP028817.1	100.000	500	0	0	43001	43500	47535	48034	0.0	924	133429	134987
gnl|scaffold|RH17_T1-C11_3	NZ_AP028819.1	92.200	500	39	0	43001	43500	9667	9168	0.0	708	133429	94035
gnl|scaffold|RH17_T1-C11_3	NZ_AP028817.1	99.800	500	1	0	43501	44000	48035	48534	0.0	918	133429	134987
gnl|scaffold|RH17_T1-C11_3	NZ_AP028817.1	99.630	270	1	0	43731	44000	53004	53273	1.91e-141	494	133429	134987
gnl|scaffold|RH17_T1-C11_3	NZ_AP028817.1	99.630	270	1	0	43731	44000	132433	132164	1.91e-141	494	133429	134987
gnl|scaffold|RH17_T1-C11_3	NZ_AP028817.1	98.519	270	4	0	43731	44000	39965	39696	1.92e-136	477	133429	134987
gnl|scaffold|RH17_T1-C11_3	NZ_AP028819.1	89.950	199	18	2	43502	43700	9166	8970	9.81e-70	255	133429	94035
gnl|scaffold|RH17_T1-C11_3	NZ_AP028817.1	100.000	500	0	0	44001	44500	48535	49034	0.0	924	133429	134987
gnl|scaffold|RH17_T1-C11_3	NZ_AP028817.1	99.598	498	2	0	44001	44498	53274	53771	0.0	909	133429	134987
gnl|scaffold|RH17_T1-C11_3	NZ_AP028817.1	99.598	498	2	0	44001	44498	132163	131666	0.0	909	133429	134987
gnl|scaffold|RH17_T1-C11_3	NZ_AP028817.1	98.996	498	5	0	44001	44498	39695	39198	0.0	893	133429	134987
gnl|scaffold|RH17_T1-C11_3	NZ_AP028817.1	100.000	500	0	0	44501	45000	49035	49534	0.0	924	133429	134987
gnl|scaffold|RH17_T1-C11_3	NZ_AP028817.1	100.000	500	0	0	45001	45500	49535	50034	0.0	924	133429	134987
gnl|scaffold|RH17_T1-C11_3	NZ_AP028817.1	100.000	500	0	0	45501	46000	50035	50534	0.0	924	133429	134987
gnl|scaffold|RH17_T1-C11_3	NZ_AP028817.1	100.000	500	0	0	46001	46500	50535	51034	0.0	924	133429	134987
gnl|scaffold|RH17_T1-C11_3	NZ_AP028817.1	100.000	500	0	0	46501	47000	51035	51534	0.0	924	133429	134987
gnl|scaffold|RH17_T1-C11_3	NZ_AP028817.1	99.800	500	1	0	47001	47500	51535	52034	0.0	918	133429	134987
gnl|scaffold|RH17_T1-C11_3	NZ_AP028817.1	92.600	473	35	0	47011	47483	51588	52060	0.0	680	133429	134987
gnl|scaffold|RH17_T1-C11_3	NZ_AP028817.1	93.483	445	29	0	47054	47498	51545	51989	0.0	662	133429	134987
gnl|scaffold|RH17_T1-C11_3	NZ_AP028817.1	90.930	430	39	0	47011	47440	51631	52060	5.13e-167	579	133429	134987
gnl|scaffold|RH17_T1-C11_3	NZ_AP028817.1	92.040	402	32	0	47097	47498	51545	51946	3.99e-163	566	133429	134987
gnl|scaffold|RH17_T1-C11_3	NZ_AP028817.1	91.169	385	34	0	47011	47395	51674	52058	2.44e-150	523	133429	134987
gnl|scaffold|RH17_T1-C11_3	NZ_AP028817.1	91.922	359	29	0	47140	47498	51545	51903	3.17e-144	503	133429	134987
gnl|scaffold|RH17_T1-C11_3	NZ_AP028817.1	91.860	344	28	0	47011	47354	51717	52060	1.49e-137	481	133429	134987
gnl|scaffold|RH17_T1-C11_3	NZ_AP028817.1	92.722	316	23	0	47183	47498	51545	51860	2.51e-130	457	133429	134987
gnl|scaffold|RH17_T1-C11_3	NZ_AP028817.1	91.694	301	25	0	47011	47311	51760	52060	1.18e-118	418	133429	134987
gnl|scaffold|RH17_T1-C11_3	NZ_AP028817.1	94.961	258	13	0	47011	47268	51803	52060	9.21e-115	405	133429	134987
gnl|scaffold|RH17_T1-C11_3	NZ_AP028817.1	92.674	273	20	0	47226	47498	51545	51817	1.99e-111	394	133429	134987
gnl|scaffold|RH17_T1-C11_3	NZ_AP028817.1	96.522	230	8	0	47269	47498	51545	51774	1.55e-107	381	133429	134987
gnl|scaffold|RH17_T1-C11_3	NZ_AP028817.1	90.233	215	21	0	47011	47225	51846	52060	1.62e-77	281	133429	134987
gnl|scaffold|RH17_T1-C11_3	NZ_AP028817.1	91.444	187	16	0	47312	47498	51545	51731	2.73e-70	257	133429	134987
gnl|scaffold|RH17_T1-C11_3	NZ_AP028817.1	89.172	157	17	0	47011	47167	51889	52045	6.03e-52	196	133429	134987
gnl|scaffold|RH17_T1-C11_3	NZ_AP028817.1	90.141	142	14	0	47355	47496	51545	51686	1.31e-48	185	133429	134987
gnl|scaffold|RH17_T1-C11_3	NZ_AP028817.1	100.000	500	0	0	47501	48000	52035	52534	0.0	924	133429	134987
gnl|scaffold|RH17_T1-C11_3	NZ_AP028817.1	89.630	135	11	3	47783	47915	67471	67604	1.32e-43	169	133429	134987
gnl|scaffold|RH17_T1-C11_3	NZ_AP028819.1	88.398	362	38	4	47556	47915	49636	49995	4.22e-123	433	133429	94035
gnl|scaffold|RH17_T1-C11_3	NZ_AP028817.1	100.000	500	0	0	48001	48500	52535	53034	0.0	924	133429	134987
gnl|scaffold|RH17_T1-C11_3	NZ_AP028817.1	100.000	500	0	0	48501	49000	53035	53534	0.0	924	133429	134987
gnl|scaffold|RH17_T1-C11_3	NZ_AP028817.1	100.000	500	0	0	48501	49000	132402	131903	0.0	924	133429	134987
gnl|scaffold|RH17_T1-C11_3	NZ_AP028817.1	99.800	500	1	0	48501	49000	48296	48795	0.0	918	133429	134987
gnl|scaffold|RH17_T1-C11_3	NZ_AP028817.1	98.800	500	6	0	48501	49000	39934	39435	0.0	891	133429	134987
gnl|scaffold|RH17_T1-C11_3	NZ_AP028817.1	100.000	500	0	0	49001	49500	53535	54034	0.0	924	133429	134987
gnl|scaffold|RH17_T1-C11_3	NZ_AP028817.1	100.000	237	0	0	49001	49237	39434	39198	9.08e-125	438	133429	134987
gnl|scaffold|RH17_T1-C11_3	NZ_AP028817.1	100.000	237	0	0	49001	49237	131902	131666	9.08e-125	438	133429	134987
gnl|scaffold|RH17_T1-C11_3	NZ_AP028817.1	99.578	237	1	0	49001	49237	48796	49032	4.22e-123	433	133429	134987
gnl|scaffold|RH17_T1-C11_3	NZ_AP028817.1	100.000	500	0	0	49501	50000	54035	54534	0.0	924	133429	134987
gnl|scaffold|RH17_T1-C11_3	NZ_AP028817.1	100.000	500	0	0	50001	50500	54535	55034	0.0	924	133429	134987
gnl|scaffold|RH17_T1-C11_3	NZ_AP028817.1	97.590	83	2	0	50418	50500	67602	67684	7.97e-36	143	133429	134987
gnl|scaffold|RH17_T1-C11_3	NZ_AP028819.1	95.181	83	4	0	50418	50500	49993	50075	1.73e-32	132	133429	94035
gnl|scaffold|RH17_T1-C11_3	NZ_AP028817.1	100.000	500	0	0	50501	51000	55035	55534	0.0	924	133429	134987
gnl|scaffold|RH17_T1-C11_3	NZ_AP028817.1	94.326	141	7	1	50501	50641	67685	67824	1.67e-57	215	133429	134987
gnl|scaffold|RH17_T1-C11_3	NZ_AP028819.1	91.816	501	39	2	50501	51000	50076	50575	0.0	697	133429	94035
gnl|scaffold|RH17_T1-C11_3	NZ_AP028817.1	100.000	500	0	0	51001	51500	55535	56034	0.0	924	133429	134987
gnl|scaffold|RH17_T1-C11_3	NZ_AP028819.1	86.939	490	59	1	51001	51485	50576	51065	5.20e-157	545	133429	94035
gnl|scaffold|RH17_T1-C11_3	NZ_AP028817.1	100.000	500	0	0	51501	52000	56035	56534	0.0	924	133429	134987
gnl|scaffold|RH17_T1-C11_3	NZ_AP028819.1	95.486	288	13	0	51508	51795	51088	51375	1.94e-131	460	133429	94035
gnl|scaffold|RH17_T1-C11_3	NZ_AP028817.1	100.000	500	0	0	52001	52500	56535	57034	0.0	924	133429	134987
gnl|scaffold|RH17_T1-C11_3	NZ_AP028817.1	94.118	68	3	1	52043	52110	62301	62367	1.35e-23	102	133429	134987
gnl|scaffold|RH17_T1-C11_3	NZ_AP028817.1	96.000	50	1	1	52043	52092	68646	68694	6.34e-17	80.5	133429	134987
gnl|scaffold|RH17_T1-C11_3	NZ_AP028819.1	94.000	50	2	1	52043	52092	53979	54027	2.95e-15	75.0	133429	94035
gnl|scaffold|RH17_T1-C11_3	NZ_AP028817.1	100.000	500	0	0	52501	53000	57035	57534	0.0	924	133429	134987
gnl|scaffold|RH17_T1-C11_3	NZ_AP028819.1	85.098	255	29	8	52576	52827	37292	37044	1.27e-68	252	133429	94035
gnl|scaffold|RH17_T1-C11_3	NZ_AP028819.1	97.143	70	2	0	52893	52962	37050	36981	1.34e-28	119	133429	94035
gnl|scaffold|RH17_T1-C11_3	NZ_AP028817.1	100.000	500	0	0	53001	53500	57535	58034	0.0	924	133429	134987
gnl|scaffold|RH17_T1-C11_3	NZ_AP028817.1	100.000	500	0	0	53501	54000	58035	58534	0.0	924	133429	134987
gnl|scaffold|RH17_T1-C11_3	NZ_AP028817.1	100.000	500	0	0	54001	54500	58535	59034	0.0	924	133429	134987
gnl|scaffold|RH17_T1-C11_3	NZ_AP028817.1	100.000	500	0	0	54501	55000	59035	59534	0.0	924	133429	134987
gnl|scaffold|RH17_T1-C11_3	NZ_AP028817.1	95.420	524	0	1	55001	55500	59535	60058	0.0	813	133429	134987
gnl|scaffold|RH17_T1-C11_3	NZ_AP028819.1	99.583	240	1	0	55261	55500	51501	51740	9.08e-125	438	133429	94035
gnl|scaffold|RH17_T1-C11_3	NZ_AP028817.1	100.000	500	0	0	55501	56000	60059	60558	0.0	924	133429	134987
gnl|scaffold|RH17_T1-C11_3	NZ_AP028819.1	99.800	500	0	1	55501	56000	51741	52239	0.0	917	133429	94035
gnl|scaffold|RH17_T1-C11_3	NZ_AP028817.1	100.000	500	0	0	56001	56500	60559	61058	0.0	924	133429	134987
gnl|scaffold|RH17_T1-C11_3	NZ_AP028819.1	99.600	500	0	1	56001	56500	52240	52737	0.0	911	133429	94035
gnl|scaffold|RH17_T1-C11_3	NZ_AP028817.1	100.000	500	0	0	56501	57000	61059	61558	0.0	924	133429	134987
gnl|scaffold|RH17_T1-C11_3	NZ_AP028819.1	100.000	500	0	0	56501	57000	52738	53237	0.0	924	133429	94035
gnl|scaffold|RH17_T1-C11_3	NZ_AP028817.1	100.000	500	0	0	57001	57500	61559	62058	0.0	924	133429	134987
gnl|scaffold|RH17_T1-C11_3	NZ_AP028819.1	100.000	500	0	0	57001	57500	53238	53737	0.0	924	133429	94035
gnl|scaffold|RH17_T1-C11_3	NZ_AP028817.1	100.000	500	0	0	57501	58000	62059	62558	0.0	924	133429	134987
gnl|scaffold|RH17_T1-C11_3	NZ_AP028817.1	92.051	390	30	1	57611	58000	68514	68902	1.45e-157	547	133429	134987
gnl|scaffold|RH17_T1-C11_3	NZ_AP028817.1	94.118	68	3	1	57743	57809	56577	56644	1.35e-23	102	133429	134987
gnl|scaffold|RH17_T1-C11_3	NZ_AP028819.1	92.996	514	20	4	57501	58000	53738	54249	0.0	736	133429	94035
gnl|scaffold|RH17_T1-C11_3	NZ_AP028817.1	100.000	500	0	0	58001	58500	62559	63058	0.0	924	133429	134987
gnl|scaffold|RH17_T1-C11_3	NZ_AP028817.1	87.156	109	12	2	58001	58108	68903	69010	1.04e-29	122	133429	134987
gnl|scaffold|RH17_T1-C11_3	NZ_AP028819.1	87.156	109	12	2	58001	58108	54250	54357	1.04e-29	122	133429	94035
gnl|scaffold|RH17_T1-C11_3	NZ_AP028817.1	100.000	500	0	0	58501	59000	63059	63558	0.0	924	133429	134987
gnl|scaffold|RH17_T1-C11_3	NZ_AP028817.1	100.000	500	0	0	59001	59500	63559	64058	0.0	924	133429	134987
gnl|scaffold|RH17_T1-C11_3	NZ_AP028817.1	100.000	500	0	0	59501	60000	64059	64558	0.0	924	133429	134987
gnl|scaffold|RH17_T1-C11_3	NZ_AP028817.1	100.000	500	0	0	60001	60500	64559	65058	0.0	924	133429	134987
gnl|scaffold|RH17_T1-C11_3	NZ_AP028817.1	100.000	500	0	0	60501	61000	65059	65558	0.0	924	133429	134987
gnl|scaffold|RH17_T1-C11_3	NZ_AP028817.1	100.000	500	0	0	61001	61500	65559	66058	0.0	924	133429	134987
gnl|scaffold|RH17_T1-C11_3	NZ_AP028817.1	100.000	500	0	0	61501	62000	66059	66558	0.0	924	133429	134987
gnl|scaffold|RH17_T1-C11_3	NZ_AP028817.1	100.000	500	0	0	62001	62500	66559	67058	0.0	924	133429	134987
gnl|scaffold|RH17_T1-C11_3	NZ_AP028817.1	100.000	500	0	0	62501	63000	67059	67558	0.0	924	133429	134987
gnl|scaffold|RH17_T1-C11_3	NZ_AP028817.1	100.000	500	0	0	63001	63500	67559	68058	0.0	924	133429	134987
gnl|scaffold|RH17_T1-C11_3	NZ_AP028817.1	95.536	224	9	1	63044	63266	54952	55175	2.62e-100	357	133429	134987
gnl|scaffold|RH17_T1-C11_3	NZ_AP028819.1	94.007	267	14	2	63001	63266	49950	50215	3.31e-114	403	133429	94035
gnl|scaffold|RH17_T1-C11_3	NZ_AP028817.1	100.000	500	0	0	63501	64000	68059	68558	0.0	924	133429	134987
gnl|scaffold|RH17_T1-C11_3	NZ_AP028817.1	98.600	500	7	0	64001	64500	68559	69058	0.0	885	133429	134987
gnl|scaffold|RH17_T1-C11_3	NZ_AP028817.1	91.814	452	34	3	64003	64452	62216	62666	0.0	627	133429	134987
gnl|scaffold|RH17_T1-C11_3	NZ_AP028817.1	94.118	68	3	1	64088	64154	56577	56644	1.35e-23	102	133429	134987
gnl|scaffold|RH17_T1-C11_3	NZ_AP028819.1	96.498	514	3	2	64001	64500	53893	54405	0.0	835	133429	94035
gnl|scaffold|RH17_T1-C11_3	NZ_AP028817.1	100.000	500	0	0	64501	65000	69059	69558	0.0	924	133429	134987
gnl|scaffold|RH17_T1-C11_3	NZ_AP028819.1	100.000	500	0	0	64501	65000	54406	54905	0.0	924	133429	94035
gnl|scaffold|RH17_T1-C11_3	NZ_AP028819.1	99.800	500	1	0	65001	65500	54906	55405	0.0	918	133429	94035
gnl|scaffold|RH17_T1-C11_3	NZ_AP028817.1	99.600	500	2	0	65001	65500	69559	70058	0.0	913	133429	134987
gnl|scaffold|RH17_T1-C11_3	NZ_AP028817.1	99.400	500	3	0	65501	66000	70059	70558	0.0	907	133429	134987
gnl|scaffold|RH17_T1-C11_3	NZ_AP028819.1	98.013	453	7	2	65501	65952	55406	55857	0.0	785	133429	94035
gnl|scaffold|RH17_T1-C11_3	NZ_AP028817.1	96.400	500	6	3	66001	66500	70559	71046	0.0	813	133429	134987
gnl|scaffold|RH17_T1-C11_3	NZ_AP028819.1	88.843	242	14	4	66259	66500	56138	56366	1.25e-78	285	133429	94035
gnl|scaffold|RH17_T1-C11_3	NZ_AP028817.1	99.000	500	5	0	66501	67000	71047	71546	0.0	896	133429	134987
gnl|scaffold|RH17_T1-C11_3	NZ_AP028819.1	99.000	500	5	0	66501	67000	56367	56866	0.0	896	133429	94035
gnl|scaffold|RH17_T1-C11_3	NZ_AP028817.1	98.600	500	7	0	67001	67500	71547	72046	0.0	885	133429	134987
gnl|scaffold|RH17_T1-C11_3	NZ_AP028817.1	81.899	337	45	12	67034	67362	68686	69014	3.50e-74	270	133429	134987
gnl|scaffold|RH17_T1-C11_3	NZ_AP028819.1	98.600	500	7	0	67001	67500	56867	57366	0.0	885	133429	94035
gnl|scaffold|RH17_T1-C11_3	NZ_AP028817.1	99.200	500	4	0	67501	68000	72047	72546	0.0	902	133429	134987
gnl|scaffold|RH17_T1-C11_3	NZ_AP028819.1	99.200	500	4	0	67501	68000	57367	57866	0.0	902	133429	94035
gnl|scaffold|RH17_T1-C11_3	NZ_AP028817.1	98.800	500	6	0	68001	68500	72547	73046	0.0	891	133429	134987
gnl|scaffold|RH17_T1-C11_3	NZ_AP028819.1	98.600	500	6	1	68001	68500	57867	58365	0.0	883	133429	94035
gnl|scaffold|RH17_T1-C11_3	NZ_AP028817.1	99.000	500	5	0	68501	69000	73047	73546	0.0	896	133429	134987
gnl|scaffold|RH17_T1-C11_3	NZ_AP028819.1	99.000	500	5	0	68501	69000	58366	58865	0.0	896	133429	94035
gnl|scaffold|RH17_T1-C11_3	NZ_AP028817.1	99.000	500	5	0	69001	69500	73547	74046	0.0	896	133429	134987
gnl|scaffold|RH17_T1-C11_3	NZ_AP028819.1	99.000	500	5	0	69001	69500	58866	59365	0.0	896	133429	94035
gnl|scaffold|RH17_T1-C11_3	NZ_AP028817.1	98.800	500	6	0	69501	70000	74047	74546	0.0	891	133429	134987
gnl|scaffold|RH17_T1-C11_3	NZ_AP028819.1	98.400	500	8	0	69501	70000	59366	59865	0.0	880	133429	94035
gnl|scaffold|RH17_T1-C11_3	NZ_AP028819.1	99.600	500	2	0	70001	70500	59866	60365	0.0	913	133429	94035
gnl|scaffold|RH17_T1-C11_3	NZ_AP028817.1	99.200	500	4	0	70001	70500	74547	75046	0.0	902	133429	134987
gnl|scaffold|RH17_T1-C11_3	NZ_AP028819.1	100.000	500	0	0	70501	71000	60366	60865	0.0	924	133429	94035
gnl|scaffold|RH17_T1-C11_3	NZ_AP028817.1	99.400	500	3	0	70501	71000	75047	75546	0.0	907	133429	134987
gnl|scaffold|RH17_T1-C11_3	NZ_AP028817.1	98.800	500	6	0	71001	71500	75547	76046	0.0	891	133429	134987
gnl|scaffold|RH17_T1-C11_3	NZ_AP028819.1	98.600	500	6	1	71001	71500	60866	61364	0.0	883	133429	94035
gnl|scaffold|RH17_T1-C11_3	NZ_AP028817.1	99.400	500	3	0	71501	72000	76047	76546	0.0	907	133429	134987
gnl|scaffold|RH17_T1-C11_3	NZ_AP028819.1	99.200	500	3	1	71501	72000	61365	61863	0.0	900	133429	94035
gnl|scaffold|RH17_T1-C11_3	NZ_AP028819.1	98.200	500	9	0	72001	72500	61864	62363	0.0	874	133429	94035
gnl|scaffold|RH17_T1-C11_3	NZ_AP028817.1	98.000	500	10	0	72001	72500	76547	77046	0.0	869	133429	134987
gnl|scaffold|RH17_T1-C11_3	NZ_AP028819.1	99.400	500	3	0	72501	73000	62364	62863	0.0	907	133429	94035
gnl|scaffold|RH17_T1-C11_3	NZ_AP028819.1	99.621	264	1	0	72737	73000	72701	72964	4.14e-138	483	133429	94035
gnl|scaffold|RH17_T1-C11_3	NZ_AP028817.1	97.807	228	5	0	72501	72728	77047	77274	1.99e-111	394	133429	134987
gnl|scaffold|RH17_T1-C11_3	NZ_AP028819.1	99.800	500	0	1	73001	73500	62864	63362	0.0	917	133429	94035
gnl|scaffold|RH17_T1-C11_3	NZ_AP028819.1	99.600	500	0	1	73501	74000	63363	63860	0.0	911	133429	94035
gnl|scaffold|RH17_T1-C11_3	NZ_AP028817.1	99.065	107	1	0	73552	73658	38412	38518	7.80e-51	193	133429	134987
gnl|scaffold|RH17_T1-C11_3	NZ_AP028819.1	100.000	500	0	0	74001	74500	63861	64360	0.0	924	133429	94035
gnl|scaffold|RH17_T1-C11_3	NZ_AP028819.1	89.785	372	38	0	74091	74462	6290	5919	1.92e-136	477	133429	94035
gnl|scaffold|RH17_T1-C11_3	NZ_AP028819.1	100.000	500	0	0	74501	75000	64361	64860	0.0	924	133429	94035
gnl|scaffold|RH17_T1-C11_3	NZ_AP028819.1	99.800	500	1	0	75001	75500	64861	65360	0.0	918	133429	94035
gnl|scaffold|RH17_T1-C11_3	NZ_AP028819.1	93.056	72	5	0	75429	75500	33451	33522	1.05e-24	106	133429	94035
gnl|scaffold|RH17_T1-C11_3	NZ_AP028819.1	100.000	500	0	0	75501	76000	65360	65859	0.0	924	133429	94035
gnl|scaffold|RH17_T1-C11_3	NZ_AP028819.1	95.686	510	12	3	75501	76000	33522	34031	0.0	811	133429	94035
gnl|scaffold|RH17_T1-C11_3	NZ_AP028819.1	86.866	434	47	3	75501	75924	8792	8359	1.92e-136	477	133429	94035
gnl|scaffold|RH17_T1-C11_3	NZ_AP028819.1	100.000	500	0	0	76001	76500	65860	66359	0.0	924	133429	94035
gnl|scaffold|RH17_T1-C11_3	NZ_AP028819.1	92.500	240	15	1	76001	76237	34032	34271	2.63e-95	340	133429	94035
gnl|scaffold|RH17_T1-C11_3	NZ_AP028819.1	100.000	500	0	0	76501	77000	66360	66859	0.0	924	133429	94035
gnl|scaffold|RH17_T1-C11_3	NZ_AP028819.1	100.000	500	0	0	77001	77500	66860	67359	0.0	924	133429	94035
gnl|scaffold|RH17_T1-C11_3	NZ_AP028819.1	100.000	500	0	0	77501	78000	67360	67859	0.0	924	133429	94035
gnl|scaffold|RH17_T1-C11_3	NZ_AP028819.1	100.000	500	0	0	78001	78500	67860	68359	0.0	924	133429	94035
gnl|scaffold|RH17_T1-C11_3	NZ_AP028819.1	100.000	500	0	0	78501	79000	68360	68859	0.0	924	133429	94035
gnl|scaffold|RH17_T1-C11_3	NZ_AP028819.1	100.000	500	0	0	79001	79500	68860	69359	0.0	924	133429	94035
gnl|scaffold|RH17_T1-C11_3	NZ_AP028819.1	100.000	500	0	0	79501	80000	69360	69859	0.0	924	133429	94035
gnl|scaffold|RH17_T1-C11_3	NZ_AP028819.1	100.000	500	0	0	80001	80500	69860	70359	0.0	924	133429	94035
gnl|scaffold|RH17_T1-C11_3	NZ_AP028819.1	99.800	501	0	1	80501	81000	70360	70860	0.0	918	133429	94035
gnl|scaffold|RH17_T1-C11_3	NZ_AP028819.1	100.000	500	0	0	81001	81500	70861	71360	0.0	924	133429	94035
gnl|scaffold|RH17_T1-C11_3	NZ_AP028819.1	99.800	500	0	1	81501	82000	71361	71859	0.0	917	133429	94035
gnl|scaffold|RH17_T1-C11_3	NZ_AP028819.1	100.000	500	0	0	82001	82500	71860	72359	0.0	924	133429	94035
gnl|scaffold|RH17_T1-C11_3	NZ_AP028819.1	99.600	500	0	2	82501	83000	72360	72857	0.0	911	133429	94035
gnl|scaffold|RH17_T1-C11_3	NZ_AP028819.1	99.363	157	1	0	82844	83000	62600	62756	1.25e-78	285	133429	94035
gnl|scaffold|RH17_T1-C11_3	NZ_AP028819.1	99.600	500	2	0	83001	83500	72858	73357	0.0	913	133429	94035
gnl|scaffold|RH17_T1-C11_3	NZ_AP028819.1	99.338	151	1	0	83001	83151	62757	62907	2.71e-75	274	133429	94035
gnl|scaffold|RH17_T1-C11_3	NZ_AP028819.1	99.800	500	1	0	83501	84000	73358	73857	0.0	918	133429	94035
gnl|scaffold|RH17_T1-C11_3	NZ_AP028819.1	100.000	500	0	0	84001	84500	73858	74357	0.0	924	133429	94035
gnl|scaffold|RH17_T1-C11_3	NZ_AP028819.1	100.000	182	0	0	84319	84500	81035	80854	3.41e-94	337	133429	94035
gnl|scaffold|RH17_T1-C11_3	NZ_AP028819.1	99.800	500	1	0	84501	85000	74358	74857	0.0	918	133429	94035
gnl|scaffold|RH17_T1-C11_3	NZ_AP028819.1	99.612	258	1	0	84501	84758	80853	80596	8.95e-135	472	133429	94035
gnl|scaffold|RH17_T1-C11_3	NZ_AP028819.1	100.000	500	0	0	85001	85500	74858	75357	0.0	924	133429	94035
gnl|scaffold|RH17_T1-C11_3	NZ_AP028819.1	100.000	500	0	0	85501	86000	75358	75857	0.0	924	133429	94035
gnl|scaffold|RH17_T1-C11_3	NZ_AP028819.1	100.000	500	0	0	86001	86500	75858	76357	0.0	924	133429	94035
gnl|scaffold|RH17_T1-C11_3	NZ_AP028819.1	100.000	500	0	0	86501	87000	76358	76857	0.0	924	133429	94035
gnl|scaffold|RH17_T1-C11_3	NZ_AP028819.1	100.000	500	0	0	87001	87500	76858	77357	0.0	924	133429	94035
gnl|scaffold|RH17_T1-C11_3	NZ_AP028819.1	100.000	500	0	0	87501	88000	77358	77857	0.0	924	133429	94035
gnl|scaffold|RH17_T1-C11_3	NZ_AP028819.1	97.149	456	13	0	88001	88456	77858	78313	0.0	771	133429	94035
gnl|scaffold|RH17_T1-C11_3	NZ_AP028819.1	95.257	253	12	0	88248	88500	77958	78210	1.19e-113	401	133429	94035
gnl|scaffold|RH17_T1-C11_3	NZ_AP028819.1	88.038	209	25	0	88101	88309	78105	78313	1.64e-67	248	133429	94035
gnl|scaffold|RH17_T1-C11_3	NZ_AP028819.1	100.000	500	0	0	88501	89000	78211	78710	0.0	924	133429	94035
gnl|scaffold|RH17_T1-C11_3	NZ_AP028819.1	100.000	500	0	0	89001	89500	78711	79210	0.0	924	133429	94035
gnl|scaffold|RH17_T1-C11_3	NZ_AP028819.1	100.000	500	0	0	89501	90000	79211	79710	0.0	924	133429	94035
gnl|scaffold|RH17_T1-C11_3	NZ_AP028819.1	100.000	500	0	0	90001	90500	79711	80210	0.0	924	133429	94035
gnl|scaffold|RH17_T1-C11_3	NZ_AP028819.1	100.000	500	0	0	90501	91000	80211	80710	0.0	924	133429	94035
gnl|scaffold|RH17_T1-C11_3	NZ_AP028819.1	99.107	112	1	0	90889	91000	74612	74501	1.30e-53	202	133429	94035
gnl|scaffold|RH17_T1-C11_3	NZ_AP028819.1	100.000	500	0	0	91001	91500	80711	81210	0.0	924	133429	94035
gnl|scaffold|RH17_T1-C11_3	NZ_AP028819.1	100.000	325	0	0	91001	91325	74500	74176	1.09e-173	601	133429	94035
gnl|scaffold|RH17_T1-C11_3	NZ_AP028817.1	100.000	176	0	0	91325	91500	4918	5093	7.37e-91	326	133429	134987
gnl|scaffold|RH17_T1-C11_3	NZ_AP028817.1	100.000	175	0	0	91326	91500	115029	114855	2.65e-90	324	133429	134987
gnl|scaffold|RH17_T1-C11_3	NZ_AP028817.1	100.000	175	0	0	91326	91500	120131	119957	2.65e-90	324	133429	134987
gnl|scaffold|RH17_T1-C11_3	NZ_AP028817.1	100.000	500	0	0	91501	92000	5094	5593	0.0	924	133429	134987
gnl|scaffold|RH17_T1-C11_3	NZ_AP028817.1	100.000	500	0	0	91501	92000	114854	114355	0.0	924	133429	134987
gnl|scaffold|RH17_T1-C11_3	NZ_AP028817.1	100.000	500	0	0	91501	92000	119956	119457	0.0	924	133429	134987
gnl|scaffold|RH17_T1-C11_3	NZ_AP028819.1	100.000	500	0	0	91501	92000	81211	81710	0.0	924	133429	94035
gnl|scaffold|RH17_T1-C11_3	NZ_AP028817.1	100.000	500	0	0	92001	92500	5594	6093	0.0	924	133429	134987
gnl|scaffold|RH17_T1-C11_3	NZ_AP028817.1	100.000	500	0	0	92001	92500	114354	113855	0.0	924	133429	134987
gnl|scaffold|RH17_T1-C11_3	NZ_AP028817.1	100.000	500	0	0	92001	92500	119456	118957	0.0	924	133429	134987
gnl|scaffold|RH17_T1-C11_3	NZ_AP028819.1	100.000	500	0	0	92001	92500	81711	82210	0.0	924	133429	94035
gnl|scaffold|RH17_T1-C11_3	NZ_AP028817.1	100.000	500	0	0	92501	93000	6094	6593	0.0	924	133429	134987
gnl|scaffold|RH17_T1-C11_3	NZ_AP028817.1	100.000	500	0	0	92501	93000	113854	113355	0.0	924	133429	134987
gnl|scaffold|RH17_T1-C11_3	NZ_AP028817.1	100.000	500	0	0	92501	93000	118956	118457	0.0	924	133429	134987
gnl|scaffold|RH17_T1-C11_3	NZ_AP028819.1	100.000	500	0	0	92501	93000	82211	82710	0.0	924	133429	94035
gnl|scaffold|RH17_T1-C11_3	NZ_AP028817.1	100.000	500	0	0	93001	93500	6594	7093	0.0	924	133429	134987
gnl|scaffold|RH17_T1-C11_3	NZ_AP028817.1	100.000	500	0	0	93001	93500	113354	112855	0.0	924	133429	134987
gnl|scaffold|RH17_T1-C11_3	NZ_AP028817.1	100.000	500	0	0	93001	93500	118456	117957	0.0	924	133429	134987
gnl|scaffold|RH17_T1-C11_3	NZ_AP028819.1	100.000	500	0	0	93001	93500	82711	83210	0.0	924	133429	94035
gnl|scaffold|RH17_T1-C11_3	NZ_AP028817.1	100.000	269	0	0	93501	93769	7094	7362	1.48e-142	497	133429	134987
gnl|scaffold|RH17_T1-C11_3	NZ_AP028817.1	100.000	267	0	0	93501	93767	112854	112588	1.91e-141	494	133429	134987
gnl|scaffold|RH17_T1-C11_3	NZ_AP028817.1	100.000	267	0	0	93501	93767	117956	117690	1.91e-141	494	133429	134987
gnl|scaffold|RH17_T1-C11_3	NZ_AP028817.1	100.000	233	0	0	93768	94000	93507	93739	1.52e-122	431	133429	134987
gnl|scaffold|RH17_T1-C11_3	NZ_AP028819.1	100.000	267	0	0	93501	93767	83211	83477	1.91e-141	494	133429	94035
gnl|scaffold|RH17_T1-C11_3	NZ_AP028817.1	100.000	500	0	0	94001	94500	93740	94239	0.0	924	133429	134987
gnl|scaffold|RH17_T1-C11_3	NZ_AP028817.1	100.000	500	0	0	94501	95000	94240	94739	0.0	924	133429	134987
gnl|scaffold|RH17_T1-C11_3	NZ_AP028817.1	100.000	500	0	0	95001	95500	94740	95239	0.0	924	133429	134987
gnl|scaffold|RH17_T1-C11_3	NZ_AP028817.1	100.000	500	0	0	95501	96000	95240	95739	0.0	924	133429	134987
gnl|scaffold|RH17_T1-C11_3	NZ_AP028817.1	100.000	500	0	0	96001	96500	95740	96239	0.0	924	133429	134987
gnl|scaffold|RH17_T1-C11_3	NZ_AP028817.1	100.000	500	0	0	96501	97000	96240	96739	0.0	924	133429	134987
gnl|scaffold|RH17_T1-C11_3	NZ_AP028817.1	100.000	500	0	0	97001	97500	96740	97239	0.0	924	133429	134987
gnl|scaffold|RH17_T1-C11_3	NZ_AP028817.1	100.000	500	0	0	97501	98000	97240	97739	0.0	924	133429	134987
gnl|scaffold|RH17_T1-C11_3	NZ_AP028817.1	100.000	500	0	0	98001	98500	97740	98239	0.0	924	133429	134987
gnl|scaffold|RH17_T1-C11_3	NZ_AP028817.1	100.000	500	0	0	98501	99000	98240	98739	0.0	924	133429	134987
gnl|scaffold|RH17_T1-C11_3	NZ_AP028817.1	100.000	500	0	0	99001	99500	98740	99239	0.0	924	133429	134987
gnl|scaffold|RH17_T1-C11_3	NZ_AP028817.1	100.000	500	0	0	99501	100000	99240	99739	0.0	924	133429	134987
gnl|scaffold|RH17_T1-C11_3	NZ_AP028817.1	100.000	500	0	0	100001	100500	99740	100239	0.0	924	133429	134987
gnl|scaffold|RH17_T1-C11_3	NZ_AP028817.1	100.000	500	0	0	100501	101000	100240	100739	0.0	924	133429	134987
gnl|scaffold|RH17_T1-C11_3	NZ_AP028817.1	100.000	500	0	0	101001	101500	100740	101239	0.0	924	133429	134987
gnl|scaffold|RH17_T1-C11_3	NZ_AP028817.1	100.000	500	0	0	101501	102000	101240	101739	0.0	924	133429	134987
gnl|scaffold|RH17_T1-C11_3	NZ_AP028817.1	100.000	500	0	0	102001	102500	101740	102239	0.0	924	133429	134987
gnl|scaffold|RH17_T1-C11_3	NZ_AP028817.1	100.000	500	0	0	102501	103000	102240	102739	0.0	924	133429	134987
gnl|scaffold|RH17_T1-C11_3	NZ_AP028817.1	100.000	500	0	0	103001	103500	102740	103239	0.0	924	133429	134987
gnl|scaffold|RH17_T1-C11_3	NZ_AP028817.1	100.000	500	0	0	103501	104000	103240	103739	0.0	924	133429	134987
gnl|scaffold|RH17_T1-C11_3	NZ_AP028817.1	100.000	500	0	0	104001	104500	103740	104239	0.0	924	133429	134987
gnl|scaffold|RH17_T1-C11_3	NZ_AP028817.1	100.000	500	0	0	104501	105000	104240	104739	0.0	924	133429	134987
gnl|scaffold|RH17_T1-C11_3	NZ_AP028817.1	100.000	500	0	0	105001	105500	104740	105239	0.0	924	133429	134987
gnl|scaffold|RH17_T1-C11_3	NZ_AP028817.1	100.000	500	0	0	105501	106000	105240	105739	0.0	924	133429	134987
gnl|scaffold|RH17_T1-C11_3	NZ_AP028817.1	100.000	500	0	0	106001	106500	105740	106239	0.0	924	133429	134987
gnl|scaffold|RH17_T1-C11_3	NZ_AP028817.1	100.000	500	0	0	106501	107000	106240	106739	0.0	924	133429	134987
gnl|scaffold|RH17_T1-C11_3	NZ_AP028817.1	100.000	500	0	0	107001	107500	106740	107239	0.0	924	133429	134987
gnl|scaffold|RH17_T1-C11_3	NZ_AP028817.1	100.000	500	0	0	107501	108000	107240	107739	0.0	924	133429	134987
gnl|scaffold|RH17_T1-C11_3	NZ_AP028817.1	100.000	500	0	0	108001	108500	107740	108239	0.0	924	133429	134987
gnl|scaffold|RH17_T1-C11_3	NZ_AP028817.1	100.000	500	0	0	108501	109000	108240	108739	0.0	924	133429	134987
gnl|scaffold|RH17_T1-C11_3	NZ_AP028817.1	100.000	500	0	0	109001	109500	108740	109239	0.0	924	133429	134987
gnl|scaffold|RH17_T1-C11_3	NZ_AP028817.1	100.000	500	0	0	109501	110000	109240	109739	0.0	924	133429	134987
gnl|scaffold|RH17_T1-C11_3	NZ_AP028817.1	100.000	500	0	0	110001	110500	109740	110239	0.0	924	133429	134987
gnl|scaffold|RH17_T1-C11_3	NZ_AP028817.1	100.000	500	0	0	110501	111000	110240	110739	0.0	924	133429	134987
gnl|scaffold|RH17_T1-C11_3	NZ_AP028817.1	100.000	500	0	0	111001	111500	110740	111239	0.0	924	133429	134987
gnl|scaffold|RH17_T1-C11_3	NZ_AP028817.1	96.314	407	4	6	111599	112000	112582	112182	0.0	658	133429	134987
gnl|scaffold|RH17_T1-C11_3	NZ_AP028817.1	100.000	58	0	0	111501	111558	111240	111297	2.91e-25	108	133429	134987
gnl|scaffold|RH17_T1-C11_3	NZ_AP028817.1	92.593	54	3	1	111542	111594	115087	115034	8.20e-16	76.8	133429	134987
gnl|scaffold|RH17_T1-C11_3	NZ_AP028817.1	84.298	121	10	9	112587	112704	111833	111719	8.09e-26	110	133429	134987
gnl|scaffold|RH17_T1-C11_3	NZ_AP028817.1	85.417	96	12	2	112533	112628	111736	111829	1.75e-22	99.0	133429	134987
gnl|scaffold|RH17_T1-C11_3	NZ_AP028817.1	97.822	505	4	2	113501	114000	115615	116117	0.0	865	133429	134987
gnl|scaffold|RH17_T1-C11_3	NZ_AP028817.1	100.000	500	0	0	114001	114500	116118	116617	0.0	924	133429	134987
gnl|scaffold|RH17_T1-C11_3	NZ_AP028817.1	100.000	500	0	0	114501	115000	116618	117117	0.0	924	133429	134987
gnl|scaffold|RH17_T1-C11_3	NZ_AP028817.1	100.000	500	0	0	115001	115500	117118	117617	0.0	924	133429	134987
gnl|scaffold|RH17_T1-C11_3	NZ_AP028817.1	100.000	436	0	0	115565	116000	120132	120567	0.0	806	133429	134987
gnl|scaffold|RH17_T1-C11_3	NZ_AP028817.1	100.000	72	0	0	115501	115572	117618	117689	4.80e-33	134	133429	134987
gnl|scaffold|RH17_T1-C11_3	NZ_AP028817.1	100.000	500	0	0	116001	116500	120568	121067	0.0	924	133429	134987
gnl|scaffold|RH17_T1-C11_3	NZ_AP028817.1	100.000	500	0	0	116501	117000	121068	121567	0.0	924	133429	134987
gnl|scaffold|RH17_T1-C11_3	NZ_AP028817.1	100.000	500	0	0	117001	117500	121568	122067	0.0	924	133429	134987
gnl|scaffold|RH17_T1-C11_3	NZ_AP028817.1	100.000	500	0	0	117501	118000	122068	122567	0.0	924	133429	134987
gnl|scaffold|RH17_T1-C11_3	NZ_AP028817.1	100.000	500	0	0	118001	118500	122568	123067	0.0	924	133429	134987
gnl|scaffold|RH17_T1-C11_3	NZ_AP028817.1	100.000	500	0	0	118501	119000	123068	123567	0.0	924	133429	134987
gnl|scaffold|RH17_T1-C11_3	NZ_AP028819.1	100.000	382	0	0	119119	119500	83478	83097	0.0	706	133429	94035
gnl|scaffold|RH17_T1-C11_3	NZ_AP028817.1	100.000	381	0	0	119120	119500	7360	6980	0.0	704	133429	134987
gnl|scaffold|RH17_T1-C11_3	NZ_AP028817.1	99.485	388	1	1	119113	119500	112582	112968	0.0	704	133429	134987
gnl|scaffold|RH17_T1-C11_3	NZ_AP028817.1	100.000	381	0	0	119120	119500	117690	118070	0.0	704	133429	134987
gnl|scaffold|RH17_T1-C11_3	NZ_AP028817.1	100.000	119	0	0	119001	119119	123568	123686	3.58e-59	220	133429	134987
gnl|scaffold|RH17_T1-C11_3	NZ_AP028817.1	100.000	500	0	0	119501	120000	6979	6480	0.0	924	133429	134987
gnl|scaffold|RH17_T1-C11_3	NZ_AP028817.1	100.000	500	0	0	119501	120000	112969	113468	0.0	924	133429	134987
gnl|scaffold|RH17_T1-C11_3	NZ_AP028817.1	100.000	500	0	0	119501	120000	118071	118570	0.0	924	133429	134987
gnl|scaffold|RH17_T1-C11_3	NZ_AP028819.1	100.000	500	0	0	119501	120000	83096	82597	0.0	924	133429	94035
gnl|scaffold|RH17_T1-C11_3	NZ_AP028817.1	100.000	500	0	0	120001	120500	6479	5980	0.0	924	133429	134987
gnl|scaffold|RH17_T1-C11_3	NZ_AP028817.1	100.000	500	0	0	120001	120500	113469	113968	0.0	924	133429	134987
gnl|scaffold|RH17_T1-C11_3	NZ_AP028817.1	100.000	500	0	0	120001	120500	118571	119070	0.0	924	133429	134987
gnl|scaffold|RH17_T1-C11_3	NZ_AP028819.1	100.000	500	0	0	120001	120500	82596	82097	0.0	924	133429	94035
gnl|scaffold|RH17_T1-C11_3	NZ_AP028817.1	100.000	500	0	0	120501	121000	5979	5480	0.0	924	133429	134987
gnl|scaffold|RH17_T1-C11_3	NZ_AP028817.1	100.000	500	0	0	120501	121000	113969	114468	0.0	924	133429	134987
gnl|scaffold|RH17_T1-C11_3	NZ_AP028817.1	100.000	500	0	0	120501	121000	119071	119570	0.0	924	133429	134987
gnl|scaffold|RH17_T1-C11_3	NZ_AP028819.1	100.000	500	0	0	120501	121000	82096	81597	0.0	924	133429	94035
gnl|scaffold|RH17_T1-C11_3	NZ_AP028817.1	100.000	500	0	0	121001	121500	5479	4980	0.0	924	133429	134987
gnl|scaffold|RH17_T1-C11_3	NZ_AP028817.1	100.000	500	0	0	121001	121500	114469	114968	0.0	924	133429	134987
gnl|scaffold|RH17_T1-C11_3	NZ_AP028817.1	100.000	500	0	0	121001	121500	119571	120070	0.0	924	133429	134987
gnl|scaffold|RH17_T1-C11_3	NZ_AP028819.1	100.000	500	0	0	121001	121500	81596	81097	0.0	924	133429	94035
gnl|scaffold|RH17_T1-C11_3	NZ_AP028817.1	100.000	439	0	0	121562	122000	123679	124117	0.0	811	133429	134987
gnl|scaffold|RH17_T1-C11_3	NZ_AP028817.1	100.000	62	0	0	121501	121562	4979	4918	1.74e-27	115	133429	134987
gnl|scaffold|RH17_T1-C11_3	NZ_AP028817.1	100.000	61	0	0	121501	121561	114969	115029	6.25e-27	113	133429	134987
gnl|scaffold|RH17_T1-C11_3	NZ_AP028817.1	100.000	61	0	0	121501	121561	120071	120131	6.25e-27	113	133429	134987
gnl|scaffold|RH17_T1-C11_3	NZ_AP028819.1	98.462	65	1	0	121501	121565	81096	81032	1.74e-27	115	133429	94035
gnl|scaffold|RH17_T1-C11_3	NZ_AP028817.1	100.000	500	0	0	122001	122500	124118	124617	0.0	924	133429	134987
gnl|scaffold|RH17_T1-C11_3	NZ_AP028817.1	100.000	500	0	0	122501	123000	124618	125117	0.0	924	133429	134987
gnl|scaffold|RH17_T1-C11_3	NZ_AP028817.1	100.000	500	0	0	123001	123500	125118	125617	0.0	924	133429	134987
gnl|scaffold|RH17_T1-C11_3	NZ_AP028817.1	100.000	500	0	0	123501	124000	125618	126117	0.0	924	133429	134987
gnl|scaffold|RH17_T1-C11_3	NZ_AP028817.1	100.000	500	0	0	124001	124500	126118	126617	0.0	924	133429	134987
gnl|scaffold|RH17_T1-C11_3	NZ_AP028817.1	100.000	500	0	0	124501	125000	126618	127117	0.0	924	133429	134987
gnl|scaffold|RH17_T1-C11_3	NZ_AP028817.1	100.000	500	0	0	125001	125500	127118	127617	0.0	924	133429	134987
gnl|scaffold|RH17_T1-C11_3	NZ_AP028817.1	100.000	500	0	0	125501	126000	127618	128117	0.0	924	133429	134987
gnl|scaffold|RH17_T1-C11_3	NZ_AP028817.1	100.000	500	0	0	126001	126500	128118	128617	0.0	924	133429	134987
gnl|scaffold|RH17_T1-C11_3	NZ_AP028819.1	92.949	156	11	0	126845	127000	3942	4097	2.14e-61	228	133429	94035
gnl|scaffold|RH17_T1-C11_3	NZ_AP028817.1	100.000	88	0	0	126501	126588	128618	128705	6.12e-42	163	133429	134987
gnl|scaffold|RH17_T1-C11_3	NZ_AP028819.1	95.800	500	21	0	127001	127500	4098	4597	0.0	808	133429	94035
gnl|scaffold|RH17_T1-C11_3	NZ_AP028819.1	86.377	345	43	3	127575	127918	11027	10686	2.60e-105	374	133429	94035
gnl|scaffold|RH17_T1-C11_3	NZ_AP028819.1	95.370	216	10	0	127501	127716	4598	4813	2.04e-96	344	133429	94035
gnl|scaffold|RH17_T1-C11_3	NZ_AP028819.1	85.425	247	35	1	127505	127751	79827	80072	9.81e-70	255	133429	94035
gnl|scaffold|RH17_T1-C11_3	NZ_AP028817.1	100.000	82	0	0	127919	128000	128700	128781	1.32e-38	152	133429	134987
gnl|scaffold|RH17_T1-C11_3	NZ_AP028817.1	100.000	500	0	0	128001	128500	128782	129281	0.0	924	133429	134987
gnl|scaffold|RH17_T1-C11_3	NZ_AP028817.1	100.000	500	0	0	128501	129000	129282	129781	0.0	924	133429	134987
gnl|scaffold|RH17_T1-C11_3	NZ_AP028817.1	100.000	500	0	0	129001	129500	129782	130281	0.0	924	133429	134987
gnl|scaffold|RH17_T1-C11_3	NZ_AP028817.1	100.000	500	0	0	129501	130000	130282	130781	0.0	924	133429	134987
gnl|scaffold|RH17_T1-C11_3	NZ_AP028817.1	100.000	500	0	0	130001	130500	130782	131281	0.0	924	133429	134987
gnl|scaffold|RH17_T1-C11_3	NZ_AP028817.1	100.000	384	0	0	130501	130884	131282	131665	0.0	710	133429	134987
gnl|scaffold|RH17_T1-C11_3	NZ_AP028817.1	100.000	126	0	0	130875	131000	132433	132558	4.60e-63	233	133429	134987
gnl|scaffold|RH17_T1-C11_3	NZ_AP028817.1	100.000	500	0	0	131001	131500	132559	133058	0.0	924	133429	134987
gnl|scaffold|RH17_T1-C11_3	NZ_AP028817.1	100.000	500	0	0	131501	132000	133059	133558	0.0	924	133429	134987
gnl|scaffold|RH17_T1-C11_3	NZ_AP028817.1	100.000	500	0	0	132001	132500	133559	134058	0.0	924	133429	134987
gnl|scaffold|RH17_T1-C11_3	NZ_AP028819.1	89.552	268	26	2	132014	132281	3880	3615	9.47e-95	339	133429	94035
gnl|scaffold|RH17_T1-C11_3	NZ_AP028817.1	100.000	500	0	0	132501	133000	134059	134558	0.0	924	133429	134987
gnl|scaffold|RH17_T1-C11_4	NZ_AP028819.1	99.800	500	1	0	1	500	1	500	0.0	918	95369	94035
gnl|scaffold|RH17_T1-C11_4	NZ_AP028819.1	100.000	500	0	0	501	1000	501	1000	0.0	924	95369	94035
gnl|scaffold|RH17_T1-C11_4	NZ_AP028819.1	97.804	501	10	1	1001	1500	1001	1501	0.0	863	95369	94035
gnl|scaffold|RH17_T1-C11_4	NZ_AP028819.1	87.500	64	7	1	1340	1402	1403	1340	1.06e-14	73.1	95369	94035
gnl|scaffold|RH17_T1-C11_4	NZ_AP028817.1	86.550	171	22	1	1331	1500	1544	1714	3.63e-49	187	95369	134987
gnl|scaffold|RH17_T1-C11_4	NZ_AP028819.1	100.000	500	0	0	1501	2000	1502	2001	0.0	924	95369	94035
gnl|scaffold|RH17_T1-C11_4	NZ_AP028817.1	89.372	207	19	3	1501	1704	1715	1921	2.73e-70	257	95369	134987
gnl|scaffold|RH17_T1-C11_4	NZ_AP028819.1	100.000	500	0	0	2001	2500	2002	2501	0.0	924	95369	94035
gnl|scaffold|RH17_T1-C11_4	NZ_AP028819.1	100.000	500	0	0	2501	3000	2502	3001	0.0	924	95369	94035
gnl|scaffold|RH17_T1-C11_4	NZ_AP028819.1	100.000	500	0	0	3001	3500	3002	3501	0.0	924	95369	94035
gnl|scaffold|RH17_T1-C11_4	NZ_AP028819.1	100.000	500	0	0	3501	4000	3502	4001	0.0	924	95369	94035
gnl|scaffold|RH17_T1-C11_4	NZ_AP028817.1	89.299	271	27	2	3614	3882	133839	133569	9.47e-95	339	95369	134987
gnl|scaffold|RH17_T1-C11_4	NZ_AP028819.1	100.000	500	0	0	4001	4500	4002	4501	0.0	924	95369	94035
gnl|scaffold|RH17_T1-C11_4	NZ_AP028819.1	100.000	500	0	0	4501	5000	4502	5001	0.0	924	95369	94035
gnl|scaffold|RH17_T1-C11_4	NZ_AP028819.1	100.000	500	0	0	5001	5500	5002	5501	0.0	924	95369	94035
gnl|scaffold|RH17_T1-C11_4	NZ_AP028819.1	100.000	500	0	0	5501	6000	5502	6001	0.0	924	95369	94035
gnl|scaffold|RH17_T1-C11_4	NZ_AP028819.1	100.000	500	0	0	6001	6500	6002	6501	0.0	924	95369	94035
gnl|scaffold|RH17_T1-C11_4	NZ_AP028819.1	89.619	289	30	0	6001	6289	64239	63951	1.21e-103	368	95369	94035
gnl|scaffold|RH17_T1-C11_4	NZ_AP028819.1	100.000	500	0	0	6501	7000	6502	7001	0.0	924	95369	94035
gnl|scaffold|RH17_T1-C11_4	NZ_AP028819.1	100.000	500	0	0	7001	7500	7002	7501	0.0	924	95369	94035
gnl|scaffold|RH17_T1-C11_4	NZ_AP028819.1	100.000	500	0	0	7501	8000	7502	8001	0.0	924	95369	94035
gnl|scaffold|RH17_T1-C11_4	NZ_AP028819.1	100.000	500	0	0	8001	8500	8002	8501	0.0	924	95369	94035
gnl|scaffold|RH17_T1-C11_4	NZ_AP028819.1	100.000	500	0	0	8501	9000	8502	9001	0.0	924	95369	94035
gnl|scaffold|RH17_T1-C11_4	NZ_AP028819.1	91.837	294	24	0	8504	8797	33809	33516	1.98e-116	411	95369	94035
gnl|scaffold|RH17_T1-C11_4	NZ_AP028819.1	87.755	294	26	3	8504	8797	65637	65354	1.23e-93	335	95369	94035
gnl|scaffold|RH17_T1-C11_4	NZ_AP028819.1	100.000	500	0	0	9001	9500	9002	9501	0.0	924	95369	94035
gnl|scaffold|RH17_T1-C11_4	NZ_AP028817.1	91.365	498	43	0	9001	9498	48200	47703	0.0	682	95369	134987
gnl|scaffold|RH17_T1-C11_4	NZ_AP028819.1	100.000	500	0	0	9501	10000	9502	10001	0.0	924	95369	94035
gnl|scaffold|RH17_T1-C11_4	NZ_AP028817.1	88.024	501	56	4	9501	9999	47700	47202	2.37e-170	590	95369	134987
gnl|scaffold|RH17_T1-C11_4	NZ_AP028819.1	100.000	500	0	0	10001	10500	10002	10501	0.0	924	95369	94035
gnl|scaffold|RH17_T1-C11_4	NZ_AP028817.1	94.177	498	27	2	10001	10497	47200	46704	0.0	758	95369	134987
gnl|scaffold|RH17_T1-C11_4	NZ_AP028819.1	100.000	500	0	0	10501	11000	10502	11001	0.0	924	95369	94035
gnl|scaffold|RH17_T1-C11_4	NZ_AP028819.1	100.000	500	0	0	11001	11500	11002	11501	0.0	924	95369	94035
gnl|scaffold|RH17_T1-C11_4	NZ_AP028819.1	100.000	500	0	0	11501	12000	11502	12001	0.0	924	95369	94035
gnl|scaffold|RH17_T1-C11_4	NZ_AP028819.1	100.000	500	0	0	12001	12500	12002	12501	0.0	924	95369	94035
gnl|scaffold|RH17_T1-C11_4	NZ_AP028819.1	100.000	500	0	0	12501	13000	12502	13001	0.0	924	95369	94035
gnl|scaffold|RH17_T1-C11_4	NZ_AP028819.1	97.266	512	1	2	13001	13500	13002	13512	0.0	856	95369	94035
gnl|scaffold|RH17_T1-C11_4	NZ_AP028819.1	100.000	500	0	0	13501	14000	13513	14012	0.0	924	95369	94035
gnl|scaffold|RH17_T1-C11_4	NZ_AP028819.1	100.000	500	0	0	14001	14500	14013	14512	0.0	924	95369	94035
gnl|scaffold|RH17_T1-C11_4	NZ_AP028819.1	99.029	309	3	0	14192	14500	14501	14809	8.64e-160	555	95369	94035
gnl|scaffold|RH17_T1-C11_4	NZ_AP028819.1	97.735	309	7	0	14192	14500	14798	15106	4.05e-153	532	95369	94035
gnl|scaffold|RH17_T1-C11_4	NZ_AP028819.1	100.000	497	0	0	14501	14997	14216	14712	0.0	918	95369	94035
gnl|scaffold|RH17_T1-C11_4	NZ_AP028819.1	98.200	500	9	0	14501	15000	14513	15012	0.0	874	95369	94035
gnl|scaffold|RH17_T1-C11_4	NZ_AP028819.1	97.853	326	7	0	14501	14826	14810	15135	1.44e-162	564	95369	94035
gnl|scaffold|RH17_T1-C11_4	NZ_AP028819.1	100.000	215	0	0	14786	15000	14204	14418	1.54e-112	398	95369	94035
gnl|scaffold|RH17_T1-C11_4	NZ_AP028819.1	98.400	500	8	0	15001	15500	14716	15215	0.0	880	95369	94035
gnl|scaffold|RH17_T1-C11_4	NZ_AP028819.1	99.286	420	3	0	15001	15420	14419	14838	0.0	760	95369	94035
gnl|scaffold|RH17_T1-C11_4	NZ_AP028819.1	100.000	338	0	0	15083	15420	14204	14541	0.0	625	95369	94035
gnl|scaffold|RH17_T1-C11_4	NZ_AP028819.1	99.187	123	1	0	15001	15123	15013	15135	9.95e-60	222	95369	94035
gnl|scaffold|RH17_T1-C11_4	NZ_AP028819.1	100.000	500	0	0	15501	16000	15216	15715	0.0	924	95369	94035
gnl|scaffold|RH17_T1-C11_4	NZ_AP028819.1	93.243	222	15	0	15779	16000	16034	16255	2.05e-91	327	95369	94035
gnl|scaffold|RH17_T1-C11_4	NZ_AP028819.1	100.000	500	0	0	16001	16500	15716	16215	0.0	924	95369	94035
gnl|scaffold|RH17_T1-C11_4	NZ_AP028819.1	83.444	453	61	13	16001	16446	16256	16701	7.12e-116	409	95369	94035
gnl|scaffold|RH17_T1-C11_4	NZ_AP028819.1	91.758	182	15	0	16319	16500	15494	15675	3.53e-69	254	95369	94035
gnl|scaffold|RH17_T1-C11_4	NZ_AP028819.1	100.000	500	0	0	16501	17000	16216	16715	0.0	924	95369	94035
gnl|scaffold|RH17_T1-C11_4	NZ_AP028819.1	84.756	492	63	11	16501	16986	15676	16161	4.14e-138	483	95369	94035
gnl|scaffold|RH17_T1-C11_4	NZ_AP028819.1	100.000	397	0	0	17001	17397	16716	17112	0.0	734	95369	94035
gnl|scaffold|RH17_T1-C11_4	NZ_AP028819.1	94.767	344	18	0	17655	17998	3942	4285	3.13e-154	536	95369	94035
gnl|scaffold|RH17_T1-C11_4	NZ_AP028819.1	95.600	500	22	0	18001	18500	4288	4787	0.0	802	95369	94035
gnl|scaffold|RH17_T1-C11_4	NZ_AP028819.1	100.000	273	0	0	18728	19000	17107	17379	8.83e-145	505	95369	94035
gnl|scaffold|RH17_T1-C11_4	NZ_AP028819.1	85.652	230	29	3	18501	18729	10911	10685	9.88e-65	239	95369	94035
gnl|scaffold|RH17_T1-C11_4	NZ_AP028819.1	95.082	61	3	0	18501	18561	80012	80072	6.29e-22	97.1	95369	94035
gnl|scaffold|RH17_T1-C11_4	NZ_AP028819.1	99.800	500	1	0	19001	19500	17380	17879	0.0	918	95369	94035
gnl|scaffold|RH17_T1-C11_4	NZ_AP028819.1	100.000	500	0	0	19501	20000	17880	18379	0.0	924	95369	94035
gnl|scaffold|RH17_T1-C11_4	NZ_AP028819.1	100.000	500	0	0	20001	20500	18380	18879	0.0	924	95369	94035
gnl|scaffold|RH17_T1-C11_4	NZ_AP028819.1	100.000	500	0	0	20501	21000	18880	19379	0.0	924	95369	94035
gnl|scaffold|RH17_T1-C11_4	NZ_AP028819.1	100.000	500	0	0	21001	21500	19380	19879	0.0	924	95369	94035
gnl|scaffold|RH17_T1-C11_4	NZ_AP028819.1	100.000	500	0	0	21501	22000	19880	20379	0.0	924	95369	94035
gnl|scaffold|RH17_T1-C11_4	NZ_AP028819.1	100.000	500	0	0	22001	22500	20380	20879	0.0	924	95369	94035
gnl|scaffold|RH17_T1-C11_4	NZ_AP028819.1	100.000	500	0	0	22501	23000	20880	21379	0.0	924	95369	94035
gnl|scaffold|RH17_T1-C11_4	NZ_AP028819.1	100.000	500	0	0	23001	23500	21380	21879	0.0	924	95369	94035
gnl|scaffold|RH17_T1-C11_4	NZ_AP028819.1	100.000	500	0	0	23501	24000	21880	22379	0.0	924	95369	94035
gnl|scaffold|RH17_T1-C11_4	NZ_AP028819.1	100.000	500	0	0	24001	24500	22380	22879	0.0	924	95369	94035
gnl|scaffold|RH17_T1-C11_4	NZ_AP028819.1	100.000	500	0	0	24501	25000	22880	23379	0.0	924	95369	94035
gnl|scaffold|RH17_T1-C11_4	NZ_AP028819.1	100.000	500	0	0	25001	25500	23380	23879	0.0	924	95369	94035
gnl|scaffold|RH17_T1-C11_4	NZ_AP028819.1	100.000	500	0	0	25501	26000	23880	24379	0.0	924	95369	94035
gnl|scaffold|RH17_T1-C11_4	NZ_AP028819.1	100.000	500	0	0	26001	26500	24380	24879	0.0	924	95369	94035
gnl|scaffold|RH17_T1-C11_4	NZ_AP028819.1	100.000	500	0	0	26501	27000	24880	25379	0.0	924	95369	94035
gnl|scaffold|RH17_T1-C11_4	NZ_AP028819.1	100.000	500	0	0	27001	27500	25380	25879	0.0	924	95369	94035
gnl|scaffold|RH17_T1-C11_4	NZ_AP028819.1	100.000	500	0	0	27501	28000	25880	26379	0.0	924	95369	94035
gnl|scaffold|RH17_T1-C11_4	NZ_AP028819.1	100.000	500	0	0	28001	28500	26380	26879	0.0	924	95369	94035
gnl|scaffold|RH17_T1-C11_4	NZ_AP028819.1	100.000	500	0	0	28501	29000	26880	27379	0.0	924	95369	94035
gnl|scaffold|RH17_T1-C11_4	NZ_AP028819.1	100.000	500	0	0	29001	29500	27380	27879	0.0	924	95369	94035
gnl|scaffold|RH17_T1-C11_4	NZ_AP028819.1	100.000	500	0	0	29501	30000	27880	28379	0.0	924	95369	94035
gnl|scaffold|RH17_T1-C11_4	NZ_AP028819.1	100.000	500	0	0	30001	30500	28380	28879	0.0	924	95369	94035
gnl|scaffold|RH17_T1-C11_4	NZ_AP028819.1	100.000	500	0	0	30501	31000	28880	29379	0.0	924	95369	94035
gnl|scaffold|RH17_T1-C11_4	NZ_AP028819.1	100.000	500	0	0	31001	31500	29380	29879	0.0	924	95369	94035
gnl|scaffold|RH17_T1-C11_4	NZ_AP028819.1	100.000	500	0	0	31501	32000	29880	30379	0.0	924	95369	94035
gnl|scaffold|RH17_T1-C11_4	NZ_AP028819.1	100.000	500	0	0	32001	32500	30380	30879	0.0	924	95369	94035
gnl|scaffold|RH17_T1-C11_4	NZ_AP028819.1	100.000	500	0	0	32501	33000	30880	31379	0.0	924	95369	94035
gnl|scaffold|RH17_T1-C11_4	NZ_AP028819.1	100.000	500	0	0	33001	33500	31380	31879	0.0	924	95369	94035
gnl|scaffold|RH17_T1-C11_4	NZ_AP028819.1	100.000	500	0	0	33501	34000	31880	32379	0.0	924	95369	94035
gnl|scaffold|RH17_T1-C11_4	NZ_AP028819.1	100.000	500	0	0	34001	34500	32380	32879	0.0	924	95369	94035
gnl|scaffold|RH17_T1-C11_4	NZ_AP028819.1	100.000	500	0	0	34501	35000	32880	33379	0.0	924	95369	94035
gnl|scaffold|RH17_T1-C11_4	NZ_AP028819.1	100.000	500	0	0	35001	35500	33380	33879	0.0	924	95369	94035
gnl|scaffold|RH17_T1-C11_4	NZ_AP028819.1	94.406	429	14	3	35072	35500	65289	65707	0.0	651	95369	94035
gnl|scaffold|RH17_T1-C11_4	NZ_AP028819.1	90.110	364	36	0	35137	35500	8798	8435	2.49e-135	473	95369	94035
gnl|scaffold|RH17_T1-C11_4	NZ_AP028819.1	100.000	500	0	0	35501	36000	33880	34379	0.0	924	95369	94035
gnl|scaffold|RH17_T1-C11_4	NZ_AP028819.1	94.643	392	18	1	35501	35892	65708	66096	8.46e-175	604	95369	94035
gnl|scaffold|RH17_T1-C11_4	NZ_AP028819.1	100.000	500	0	0	36001	36500	34380	34879	0.0	924	95369	94035
gnl|scaffold|RH17_T1-C11_4	NZ_AP028819.1	100.000	500	0	0	36501	37000	34880	35379	0.0	924	95369	94035
gnl|scaffold|RH17_T1-C11_4	NZ_AP028819.1	100.000	500	0	0	37001	37500	35380	35879	0.0	924	95369	94035
gnl|scaffold|RH17_T1-C11_4	NZ_AP028819.1	100.000	500	0	0	37501	38000	35880	36379	0.0	924	95369	94035
gnl|scaffold|RH17_T1-C11_4	NZ_AP028819.1	100.000	500	0	0	38001	38500	36380	36879	0.0	924	95369	94035
gnl|scaffold|RH17_T1-C11_4	NZ_AP028819.1	100.000	500	0	0	38501	39000	36880	37379	0.0	924	95369	94035
gnl|scaffold|RH17_T1-C11_4	NZ_AP028817.1	85.098	255	29	8	38665	38913	57361	57110	1.27e-68	252	95369	134987
gnl|scaffold|RH17_T1-C11_4	NZ_AP028817.1	95.890	73	3	0	38602	38674	57496	57424	1.34e-28	119	95369	134987
gnl|scaffold|RH17_T1-C11_4	NZ_AP028819.1	100.000	500	0	0	39001	39500	37380	37879	0.0	924	95369	94035
gnl|scaffold|RH17_T1-C11_4	NZ_AP028817.1	98.000	100	2	0	39401	39500	11871	11970	2.83e-45	174	95369	134987
gnl|scaffold|RH17_T1-C11_4	NZ_AP028819.1	100.000	500	0	0	39501	40000	37880	38379	0.0	924	95369	94035
gnl|scaffold|RH17_T1-C11_4	NZ_AP028817.1	97.600	500	12	0	39501	40000	11971	12470	0.0	857	95369	134987
gnl|scaffold|RH17_T1-C11_4	NZ_AP028819.1	100.000	500	0	0	40001	40500	38380	38879	0.0	924	95369	94035
gnl|scaffold|RH17_T1-C11_4	NZ_AP028817.1	97.773	494	8	1	40001	40494	12471	12961	0.0	848	95369	134987
gnl|scaffold|RH17_T1-C11_4	NZ_AP028819.1	100.000	500	0	0	40501	41000	38880	39379	0.0	924	95369	94035
gnl|scaffold|RH17_T1-C11_4	NZ_AP028817.1	94.071	253	14	1	40749	41000	13479	13731	4.31e-108	383	95369	134987
gnl|scaffold|RH17_T1-C11_4	NZ_AP028817.1	93.676	253	15	1	40749	41000	26324	26576	2.01e-106	377	95369	134987
gnl|scaffold|RH17_T1-C11_4	NZ_AP028817.1	97.196	107	3	0	40652	40758	25906	26012	1.69e-47	182	95369	134987
gnl|scaffold|RH17_T1-C11_4	NZ_AP028817.1	89.815	108	11	0	40651	40758	13060	13167	1.03e-34	139	95369	134987
gnl|scaffold|RH17_T1-C11_4	NZ_AP028817.1	93.548	93	0	1	40501	40593	12968	13054	4.80e-33	134	95369	134987
gnl|scaffold|RH17_T1-C11_4	NZ_AP028817.1	95.238	63	3	0	40542	40604	25850	25912	4.87e-23	100	95369	134987
gnl|scaffold|RH17_T1-C11_4	NZ_AP028819.1	100.000	273	0	0	41001	41273	39380	39652	8.83e-145	505	95369	94035
gnl|scaffold|RH17_T1-C11_4	NZ_AP028819.1	98.361	183	2	1	41319	41500	39613	39795	3.43e-89	320	95369	94035
gnl|scaffold|RH17_T1-C11_4	NZ_AP028817.1	97.531	243	6	0	41001	41243	26577	26819	4.25e-118	416	95369	134987
gnl|scaffold|RH17_T1-C11_4	NZ_AP028817.1	94.239	243	14	0	41001	41243	13732	13974	9.34e-105	372	95369	134987
gnl|scaffold|RH17_T1-C11_4	NZ_AP028819.1	100.000	500	0	0	41501	42000	39796	40295	0.0	924	95369	94035
gnl|scaffold|RH17_T1-C11_4	NZ_AP028819.1	100.000	500	0	0	42001	42500	40296	40795	0.0	924	95369	94035
gnl|scaffold|RH17_T1-C11_4	NZ_AP028819.1	100.000	500	0	0	42501	43000	40796	41295	0.0	924	95369	94035
gnl|scaffold|RH17_T1-C11_4	NZ_AP028819.1	100.000	500	0	0	43001	43500	41296	41795	0.0	924	95369	94035
gnl|scaffold|RH17_T1-C11_4	NZ_AP028819.1	100.000	500	0	0	43501	44000	41796	42295	0.0	924	95369	94035
gnl|scaffold|RH17_T1-C11_4	NZ_AP028819.1	99.800	500	1	0	44001	44500	42296	42795	0.0	918	95369	94035
gnl|scaffold|RH17_T1-C11_4	NZ_AP028819.1	100.000	500	0	0	44501	45000	42796	43295	0.0	924	95369	94035
gnl|scaffold|RH17_T1-C11_4	NZ_AP028819.1	100.000	500	0	0	45001	45500	43296	43795	0.0	924	95369	94035
gnl|scaffold|RH17_T1-C11_4	NZ_AP028819.1	100.000	500	0	0	45501	46000	43796	44295	0.0	924	95369	94035
gnl|scaffold|RH17_T1-C11_4	NZ_AP028817.1	98.828	256	3	0	45745	46000	38976	38721	2.51e-130	457	95369	134987
gnl|scaffold|RH17_T1-C11_4	NZ_AP028819.1	97.600	500	1	1	46001	46500	44296	44784	0.0	846	95369	94035
gnl|scaffold|RH17_T1-C11_4	NZ_AP028817.1	94.366	213	1	1	46001	46213	38720	38519	4.44e-88	316	95369	134987
gnl|scaffold|RH17_T1-C11_4	NZ_AP028819.1	100.000	500	0	0	46501	47000	44785	45284	0.0	924	95369	94035
gnl|scaffold|RH17_T1-C11_4	NZ_AP028819.1	100.000	500	0	0	47001	47500	45285	45784	0.0	924	95369	94035
gnl|scaffold|RH17_T1-C11_4	NZ_AP028819.1	100.000	500	0	0	47501	48000	45785	46284	0.0	924	95369	94035
gnl|scaffold|RH17_T1-C11_4	NZ_AP028819.1	100.000	500	0	0	48001	48500	46285	46784	0.0	924	95369	94035
gnl|scaffold|RH17_T1-C11_4	NZ_AP028819.1	100.000	500	0	0	48501	49000	46785	47284	0.0	924	95369	94035
gnl|scaffold|RH17_T1-C11_4	NZ_AP028819.1	100.000	500	0	0	49001	49500	47285	47784	0.0	924	95369	94035
gnl|scaffold|RH17_T1-C11_4	NZ_AP028819.1	100.000	500	0	0	49501	50000	47785	48284	0.0	924	95369	94035
gnl|scaffold|RH17_T1-C11_4	NZ_AP028819.1	100.000	500	0	0	50001	50500	48285	48784	0.0	924	95369	94035
gnl|scaffold|RH17_T1-C11_4	NZ_AP028819.1	100.000	500	0	0	50501	51000	48785	49284	0.0	924	95369	94035
gnl|scaffold|RH17_T1-C11_4	NZ_AP028819.1	100.000	500	0	0	51001	51500	49285	49784	0.0	924	95369	94035
gnl|scaffold|RH17_T1-C11_4	NZ_AP028819.1	100.000	500	0	0	51501	52000	49785	50284	0.0	924	95369	94035
gnl|scaffold|RH17_T1-C11_4	NZ_AP028817.1	93.239	355	20	4	51580	51931	67471	67824	3.15e-149	520	95369	134987
gnl|scaffold|RH17_T1-C11_4	NZ_AP028817.1	93.515	293	17	2	51709	52000	54952	55243	1.17e-123	435	95369	134987
gnl|scaffold|RH17_T1-C11_4	NZ_AP028817.1	93.427	213	11	3	51501	51711	52238	52449	5.74e-87	313	95369	134987
gnl|scaffold|RH17_T1-C11_4	NZ_AP028819.1	100.000	500	0	0	52001	52500	50285	50784	0.0	924	95369	94035
gnl|scaffold|RH17_T1-C11_4	NZ_AP028817.1	92.385	499	33	1	52002	52500	55245	55738	0.0	706	95369	134987
gnl|scaffold|RH17_T1-C11_4	NZ_AP028819.1	100.000	500	0	0	52501	53000	50785	51284	0.0	924	95369	94035
gnl|scaffold|RH17_T1-C11_4	NZ_AP028817.1	85.317	504	66	7	52501	53000	55739	56238	1.47e-147	514	95369	134987
gnl|scaffold|RH17_T1-C11_4	NZ_AP028819.1	99.800	500	1	0	53001	53500	51285	51784	0.0	918	95369	94035
gnl|scaffold|RH17_T1-C11_4	NZ_AP028817.1	100.000	284	0	0	53217	53500	59819	60102	6.77e-151	525	95369	134987
gnl|scaffold|RH17_T1-C11_4	NZ_AP028817.1	96.703	91	3	0	53001	53091	56239	56329	1.32e-38	152	95369	134987
gnl|scaffold|RH17_T1-C11_4	NZ_AP028817.1	100.000	500	0	0	53501	54000	60103	60602	0.0	924	95369	134987
gnl|scaffold|RH17_T1-C11_4	NZ_AP028819.1	99.800	500	0	1	53501	54000	51785	52283	0.0	917	95369	94035
gnl|scaffold|RH17_T1-C11_4	NZ_AP028817.1	100.000	500	0	0	54001	54500	60603	61102	0.0	924	95369	134987
gnl|scaffold|RH17_T1-C11_4	NZ_AP028819.1	99.600	500	0	1	54001	54500	52284	52781	0.0	911	95369	94035
gnl|scaffold|RH17_T1-C11_4	NZ_AP028817.1	100.000	500	0	0	54501	55000	61103	61602	0.0	924	95369	134987
gnl|scaffold|RH17_T1-C11_4	NZ_AP028819.1	100.000	500	0	0	54501	55000	52782	53281	0.0	924	95369	94035
gnl|scaffold|RH17_T1-C11_4	NZ_AP028817.1	100.000	500	0	0	55001	55500	61603	62102	0.0	924	95369	134987
gnl|scaffold|RH17_T1-C11_4	NZ_AP028819.1	100.000	500	0	0	55001	55500	53282	53781	0.0	924	95369	94035
gnl|scaffold|RH17_T1-C11_4	NZ_AP028819.1	96.887	514	2	1	55501	56000	53782	54295	0.0	848	95369	94035
gnl|scaffold|RH17_T1-C11_4	NZ_AP028817.1	94.433	503	24	4	55501	56000	62103	62604	0.0	771	95369	134987
gnl|scaffold|RH17_T1-C11_4	NZ_AP028817.1	97.011	435	12	1	55567	56000	68514	68948	0.0	730	95369	134987
gnl|scaffold|RH17_T1-C11_4	NZ_AP028817.1	92.647	68	4	1	55698	55764	56577	56644	6.29e-22	97.1	95369	134987
gnl|scaffold|RH17_T1-C11_4	NZ_AP028817.1	100.000	500	0	0	56001	56500	68949	69448	0.0	924	95369	134987
gnl|scaffold|RH17_T1-C11_4	NZ_AP028819.1	100.000	500	0	0	56001	56500	54296	54795	0.0	924	95369	94035
gnl|scaffold|RH17_T1-C11_4	NZ_AP028817.1	99.800	500	1	0	56501	57000	69449	69948	0.0	918	95369	134987
gnl|scaffold|RH17_T1-C11_4	NZ_AP028819.1	99.800	500	1	0	56501	57000	54796	55295	0.0	918	95369	94035
gnl|scaffold|RH17_T1-C11_4	NZ_AP028819.1	100.000	500	0	0	57001	57500	55296	55795	0.0	924	95369	94035
gnl|scaffold|RH17_T1-C11_4	NZ_AP028817.1	99.200	500	4	0	57001	57500	69949	70448	0.0	902	95369	134987
gnl|scaffold|RH17_T1-C11_4	NZ_AP028819.1	99.379	483	3	0	57501	57983	55796	56278	0.0	876	95369	94035
gnl|scaffold|RH17_T1-C11_4	NZ_AP028817.1	95.775	142	5	1	57843	57983	70817	70958	2.14e-61	228	95369	134987
gnl|scaffold|RH17_T1-C11_4	NZ_AP028817.1	85.714	63	7	2	57501	57562	70449	70510	1.78e-12	65.8	95369	134987
gnl|scaffold|RH17_T1-C11_4	NZ_AP028817.1	98.400	500	8	0	58001	58500	70964	71463	0.0	880	95369	134987
gnl|scaffold|RH17_T1-C11_4	NZ_AP028819.1	98.400	500	8	0	58001	58500	56284	56783	0.0	880	95369	94035
gnl|scaffold|RH17_T1-C11_4	NZ_AP028817.1	98.200	500	9	0	58501	59000	71464	71963	0.0	874	95369	134987
gnl|scaffold|RH17_T1-C11_4	NZ_AP028817.1	81.899	337	45	12	58617	58945	68686	69014	3.50e-74	270	95369	134987
gnl|scaffold|RH17_T1-C11_4	NZ_AP028819.1	98.200	500	9	0	58501	59000	56784	57283	0.0	874	95369	94035
gnl|scaffold|RH17_T1-C11_4	NZ_AP028817.1	99.200	500	4	0	59001	59500	71964	72463	0.0	902	95369	134987
gnl|scaffold|RH17_T1-C11_4	NZ_AP028819.1	99.200	500	4	0	59001	59500	57284	57783	0.0	902	95369	94035
gnl|scaffold|RH17_T1-C11_4	NZ_AP028817.1	98.800	500	6	0	59501	60000	72464	72963	0.0	891	95369	134987
gnl|scaffold|RH17_T1-C11_4	NZ_AP028819.1	98.600	500	6	1	59501	60000	57784	58282	0.0	883	95369	94035
gnl|scaffold|RH17_T1-C11_4	NZ_AP028817.1	100.000	500	0	0	60001	60500	72964	73463	0.0	924	95369	134987
gnl|scaffold|RH17_T1-C11_4	NZ_AP028819.1	100.000	500	0	0	60001	60500	58283	58782	0.0	924	95369	94035
gnl|scaffold|RH17_T1-C11_4	NZ_AP028817.1	98.000	500	10	0	60501	61000	73464	73963	0.0	869	95369	134987
gnl|scaffold|RH17_T1-C11_4	NZ_AP028819.1	98.000	500	10	0	60501	61000	58783	59282	0.0	869	95369	94035
gnl|scaffold|RH17_T1-C11_4	NZ_AP028817.1	99.600	500	2	0	61001	61500	73964	74463	0.0	913	95369	134987
gnl|scaffold|RH17_T1-C11_4	NZ_AP028819.1	99.200	500	4	0	61001	61500	59283	59782	0.0	902	95369	94035
gnl|scaffold|RH17_T1-C11_4	NZ_AP028819.1	98.800	500	6	0	61501	62000	59783	60282	0.0	891	95369	94035
gnl|scaffold|RH17_T1-C11_4	NZ_AP028817.1	98.400	500	8	0	61501	62000	74464	74963	0.0	880	95369	134987
gnl|scaffold|RH17_T1-C11_4	NZ_AP028819.1	100.000	500	0	0	62001	62500	60283	60782	0.0	924	95369	94035
gnl|scaffold|RH17_T1-C11_4	NZ_AP028817.1	99.400	500	3	0	62001	62500	74964	75463	0.0	907	95369	134987
gnl|scaffold|RH17_T1-C11_4	NZ_AP028817.1	99.400	500	3	0	62501	63000	75464	75963	0.0	907	95369	134987
gnl|scaffold|RH17_T1-C11_4	NZ_AP028819.1	99.200	500	3	1	62501	63000	60783	61281	0.0	900	95369	94035
gnl|scaffold|RH17_T1-C11_4	NZ_AP028817.1	98.800	500	6	0	63001	63500	75964	76463	0.0	891	95369	134987
gnl|scaffold|RH17_T1-C11_4	NZ_AP028819.1	98.800	500	6	0	63001	63500	61282	61781	0.0	891	95369	94035
gnl|scaffold|RH17_T1-C11_4	NZ_AP028817.1	99.600	500	2	0	63501	64000	76464	76963	0.0	913	95369	134987
gnl|scaffold|RH17_T1-C11_4	NZ_AP028819.1	99.400	500	2	1	63501	64000	61782	62280	0.0	905	95369	94035
gnl|scaffold|RH17_T1-C11_4	NZ_AP028817.1	99.800	500	1	0	64001	64500	76964	77463	0.0	918	95369	134987
gnl|scaffold|RH17_T1-C11_4	NZ_AP028819.1	99.357	311	2	0	64001	64311	62281	62591	1.44e-162	564	95369	94035
gnl|scaffold|RH17_T1-C11_4	NZ_AP028817.1	100.000	500	0	0	64501	65000	77464	77963	0.0	924	95369	134987
gnl|scaffold|RH17_T1-C11_4	NZ_AP028817.1	100.000	500	0	0	65001	65500	77964	78463	0.0	924	95369	134987
gnl|scaffold|RH17_T1-C11_4	NZ_AP028817.1	100.000	500	0	0	65501	66000	78464	78963	0.0	924	95369	134987
gnl|scaffold|RH17_T1-C11_4	NZ_AP028817.1	100.000	500	0	0	66001	66500	78964	79463	0.0	924	95369	134987
gnl|scaffold|RH17_T1-C11_4	NZ_AP028817.1	100.000	500	0	0	66501	67000	79464	79963	0.0	924	95369	134987
gnl|scaffold|RH17_T1-C11_4	NZ_AP028817.1	100.000	500	0	0	67001	67500	79964	80463	0.0	924	95369	134987
gnl|scaffold|RH17_T1-C11_4	NZ_AP028817.1	100.000	500	0	0	67501	68000	80464	80963	0.0	924	95369	134987
gnl|scaffold|RH17_T1-C11_4	NZ_AP028817.1	100.000	500	0	0	68001	68500	80964	81463	0.0	924	95369	134987
gnl|scaffold|RH17_T1-C11_4	NZ_AP028817.1	100.000	500	0	0	68501	69000	81464	81963	0.0	924	95369	134987
gnl|scaffold|RH17_T1-C11_4	NZ_AP028817.1	100.000	500	0	0	69001	69500	81964	82463	0.0	924	95369	134987
gnl|scaffold|RH17_T1-C11_4	NZ_AP028817.1	100.000	500	0	0	69501	70000	82464	82963	0.0	924	95369	134987
gnl|scaffold|RH17_T1-C11_4	NZ_AP028817.1	100.000	500	0	0	70001	70500	82964	83463	0.0	924	95369	134987
gnl|scaffold|RH17_T1-C11_4	NZ_AP028817.1	100.000	500	0	0	70501	71000	83464	83963	0.0	924	95369	134987
gnl|scaffold|RH17_T1-C11_4	NZ_AP028817.1	100.000	500	0	0	71001	71500	83964	84463	0.0	924	95369	134987
gnl|scaffold|RH17_T1-C11_4	NZ_AP028817.1	100.000	500	0	0	71501	72000	84464	84963	0.0	924	95369	134987
gnl|scaffold|RH17_T1-C11_4	NZ_AP028817.1	100.000	500	0	0	72001	72500	84964	85463	0.0	924	95369	134987
gnl|scaffold|RH17_T1-C11_4	NZ_AP028817.1	100.000	500	0	0	72501	73000	85464	85963	0.0	924	95369	134987
gnl|scaffold|RH17_T1-C11_4	NZ_AP028817.1	100.000	500	0	0	73001	73500	85964	86463	0.0	924	95369	134987
gnl|scaffold|RH17_T1-C11_4	NZ_AP028817.1	100.000	500	0	0	73501	74000	86464	86963	0.0	924	95369	134987
gnl|scaffold|RH17_T1-C11_4	NZ_AP028817.1	100.000	500	0	0	74001	74500	86964	87463	0.0	924	95369	134987
gnl|scaffold|RH17_T1-C11_4	NZ_AP028817.1	100.000	481	0	0	74520	75000	84499	84019	0.0	889	95369	134987
gnl|scaffold|RH17_T1-C11_4	NZ_AP028817.1	100.000	500	0	0	75001	75500	84018	83519	0.0	924	95369	134987
gnl|scaffold|RH17_T1-C11_4	NZ_AP028817.1	100.000	500	0	0	75501	76000	83518	83019	0.0	924	95369	134987
gnl|scaffold|RH17_T1-C11_4	NZ_AP028817.1	99.709	344	1	0	76001	76344	83018	82675	0.0	630	95369	134987
gnl|scaffold|RH17_T1-C11_4	NZ_AP028817.1	99.383	162	1	0	76339	76500	87484	87645	2.08e-81	294	95369	134987
gnl|scaffold|RH17_T1-C11_4	NZ_AP028817.1	100.000	500	0	0	76501	77000	87646	88145	0.0	924	95369	134987
gnl|scaffold|RH17_T1-C11_4	NZ_AP028817.1	100.000	500	0	0	77001	77500	88146	88645	0.0	924	95369	134987
gnl|scaffold|RH17_T1-C11_4	NZ_AP028817.1	100.000	500	0	0	77501	78000	88646	89145	0.0	924	95369	134987
gnl|scaffold|RH17_T1-C11_4	NZ_AP028817.1	100.000	500	0	0	78001	78500	89146	89645	0.0	924	95369	134987
gnl|scaffold|RH17_T1-C11_4	NZ_AP028817.1	100.000	500	0	0	78501	79000	89646	90145	0.0	924	95369	134987
gnl|scaffold|RH17_T1-C11_4	NZ_AP028817.1	100.000	500	0	0	79001	79500	90146	90645	0.0	924	95369	134987
gnl|scaffold|RH17_T1-C11_4	NZ_AP028817.1	100.000	500	0	0	79501	80000	90646	91145	0.0	924	95369	134987
gnl|scaffold|RH17_T1-C11_4	NZ_AP028817.1	100.000	500	0	0	80001	80500	91146	91645	0.0	924	95369	134987
gnl|scaffold|RH17_T1-C11_4	NZ_AP028817.1	100.000	500	0	0	80501	81000	91646	92145	0.0	924	95369	134987
gnl|scaffold|RH17_T1-C11_4	NZ_AP028817.1	100.000	500	0	0	81001	81500	92146	92645	0.0	924	95369	134987
gnl|scaffold|RH17_T1-C11_4	NZ_AP028817.1	100.000	500	0	0	81501	82000	92646	93145	0.0	924	95369	134987
gnl|scaffold|RH17_T1-C11_4	NZ_AP028817.1	100.000	369	0	0	82001	82369	93146	93514	0.0	682	95369	134987
gnl|scaffold|RH17_T1-C11_4	NZ_AP028817.1	99.265	136	1	0	82365	82500	120136	120001	5.91e-67	246	95369	134987
gnl|scaffold|RH17_T1-C11_4	NZ_AP028817.1	100.000	132	0	0	82369	82500	4918	5049	2.12e-66	244	95369	134987
gnl|scaffold|RH17_T1-C11_4	NZ_AP028817.1	100.000	131	0	0	82370	82500	115029	114899	7.64e-66	243	95369	134987
gnl|scaffold|RH17_T1-C11_4	NZ_AP028819.1	100.000	132	0	0	82369	82500	81035	81166	2.12e-66	244	95369	94035
gnl|scaffold|RH17_T1-C11_4	NZ_AP028817.1	100.000	500	0	0	82501	83000	5050	5549	0.0	924	95369	134987
gnl|scaffold|RH17_T1-C11_4	NZ_AP028817.1	100.000	500	0	0	82501	83000	114898	114399	0.0	924	95369	134987
gnl|scaffold|RH17_T1-C11_4	NZ_AP028817.1	100.000	500	0	0	82501	83000	120000	119501	0.0	924	95369	134987
gnl|scaffold|RH17_T1-C11_4	NZ_AP028819.1	100.000	500	0	0	82501	83000	81167	81666	0.0	924	95369	94035
gnl|scaffold|RH17_T1-C11_4	NZ_AP028817.1	100.000	500	0	0	83001	83500	5550	6049	0.0	924	95369	134987
gnl|scaffold|RH17_T1-C11_4	NZ_AP028817.1	100.000	500	0	0	83001	83500	114398	113899	0.0	924	95369	134987
gnl|scaffold|RH17_T1-C11_4	NZ_AP028817.1	100.000	500	0	0	83001	83500	119500	119001	0.0	924	95369	134987
gnl|scaffold|RH17_T1-C11_4	NZ_AP028819.1	100.000	500	0	0	83001	83500	81667	82166	0.0	924	95369	94035
gnl|scaffold|RH17_T1-C11_4	NZ_AP028817.1	100.000	500	0	0	83501	84000	6050	6549	0.0	924	95369	134987
gnl|scaffold|RH17_T1-C11_4	NZ_AP028817.1	100.000	500	0	0	83501	84000	113898	113399	0.0	924	95369	134987
gnl|scaffold|RH17_T1-C11_4	NZ_AP028817.1	100.000	500	0	0	83501	84000	119000	118501	0.0	924	95369	134987
gnl|scaffold|RH17_T1-C11_4	NZ_AP028819.1	100.000	500	0	0	83501	84000	82167	82666	0.0	924	95369	94035
gnl|scaffold|RH17_T1-C11_4	NZ_AP028817.1	100.000	500	0	0	84001	84500	6550	7049	0.0	924	95369	134987
gnl|scaffold|RH17_T1-C11_4	NZ_AP028817.1	100.000	500	0	0	84001	84500	113398	112899	0.0	924	95369	134987
gnl|scaffold|RH17_T1-C11_4	NZ_AP028817.1	100.000	500	0	0	84001	84500	118500	118001	0.0	924	95369	134987
gnl|scaffold|RH17_T1-C11_4	NZ_AP028819.1	100.000	500	0	0	84001	84500	82667	83166	0.0	924	95369	94035
gnl|scaffold|RH17_T1-C11_4	NZ_AP028819.1	100.000	500	0	0	84501	85000	83167	83666	0.0	924	95369	94035
gnl|scaffold|RH17_T1-C11_4	NZ_AP028817.1	100.000	311	0	0	84501	84811	7050	7360	6.63e-166	575	95369	134987
gnl|scaffold|RH17_T1-C11_4	NZ_AP028817.1	100.000	311	0	0	84501	84811	112898	112588	6.63e-166	575	95369	134987
gnl|scaffold|RH17_T1-C11_4	NZ_AP028817.1	100.000	311	0	0	84501	84811	118000	117690	6.63e-166	575	95369	134987
gnl|scaffold|RH17_T1-C11_4	NZ_AP028819.1	100.000	500	0	0	85001	85500	83667	84166	0.0	924	95369	94035
gnl|scaffold|RH17_T1-C11_4	NZ_AP028819.1	100.000	500	0	0	85501	86000	84167	84666	0.0	924	95369	94035
gnl|scaffold|RH17_T1-C11_4	NZ_AP028819.1	100.000	500	0	0	86001	86500	84667	85166	0.0	924	95369	94035
gnl|scaffold|RH17_T1-C11_4	NZ_AP028819.1	100.000	500	0	0	86501	87000	85167	85666	0.0	924	95369	94035
gnl|scaffold|RH17_T1-C11_4	NZ_AP028819.1	100.000	500	0	0	87001	87500	85667	86166	0.0	924	95369	94035
gnl|scaffold|RH17_T1-C11_4	NZ_AP028819.1	100.000	500	0	0	87501	88000	86167	86666	0.0	924	95369	94035
gnl|scaffold|RH17_T1-C11_4	NZ_AP028819.1	100.000	500	0	0	88001	88500	86667	87166	0.0	924	95369	94035
gnl|scaffold|RH17_T1-C11_4	NZ_AP028819.1	100.000	500	0	0	88501	89000	87167	87666	0.0	924	95369	94035
gnl|scaffold|RH17_T1-C11_4	NZ_AP028819.1	100.000	500	0	0	89001	89500	87667	88166	0.0	924	95369	94035
gnl|scaffold|RH17_T1-C11_4	NZ_AP028819.1	100.000	500	0	0	89501	90000	88167	88666	0.0	924	95369	94035
gnl|scaffold|RH17_T1-C11_4	NZ_AP028819.1	100.000	500	0	0	90001	90500	88667	89166	0.0	924	95369	94035
gnl|scaffold|RH17_T1-C11_4	NZ_AP028819.1	100.000	500	0	0	90501	91000	89167	89666	0.0	924	95369	94035
gnl|scaffold|RH17_T1-C11_4	NZ_AP028819.1	100.000	500	0	0	91001	91500	89667	90166	0.0	924	95369	94035
gnl|scaffold|RH17_T1-C11_4	NZ_AP028819.1	100.000	500	0	0	91501	92000	90167	90666	0.0	924	95369	94035
gnl|scaffold|RH17_T1-C11_4	NZ_AP028819.1	100.000	500	0	0	92001	92500	90667	91166	0.0	924	95369	94035
gnl|scaffold|RH17_T1-C11_4	NZ_AP028819.1	100.000	500	0	0	92501	93000	91167	91666	0.0	924	95369	94035
gnl|scaffold|RH17_T1-C11_4	NZ_AP028819.1	100.000	500	0	0	93001	93500	91667	92166	0.0	924	95369	94035
gnl|scaffold|RH17_T1-C11_4	NZ_AP028819.1	100.000	500	0	0	93501	94000	92167	92666	0.0	924	95369	94035
gnl|scaffold|RH17_T1-C11_4	NZ_AP028819.1	100.000	500	0	0	94001	94500	92667	93166	0.0	924	95369	94035
gnl|scaffold|RH17_T1-C11_4	NZ_AP028819.1	100.000	500	0	0	94501	95000	93167	93666	0.0	924	95369	94035
